Generated by GetData Graph Digitizer 2.26.0.20 on April 12 2016, 16:18
from file 'C:\Users\abayless\Dropbox\Proposals\KathyIR&D2016\digiplots\agundez2008 Figure4a.jpg'

Line #1 - H2
 1.13265306122449e-001    3.18587510439466e+021
 1.37755102040816e-001    3.18700785724089e+021
 1.62244897959184e-001    3.15743731954568e+021
 1.86734693877551e-001    3.12814115102016e+021
 2.11224489795918e-001    3.14443137976978e+021
 2.35714285714286e-001    3.20702302765980e+021
 2.60204081632653e-001    3.25507232635538e+021
 2.84693877551020e-001    3.27202356679911e+021
 3.09183673469388e-001    3.27318695013549e+021
 3.33673469387755e-001    3.29023252499408e+021
 3.58163265306122e-001    3.33952851196014e+021
 3.82653061224490e-001    3.37320183603929e+021
 4.07142857142857e-001    3.34190370421337e+021
 4.31632653061225e-001    3.27901007445568e+021
 4.56122448979592e-001    3.20177034717701e+021
 4.80612244897959e-001    3.15675145719399e+021
 5.05102040816326e-001    3.14263096539440e+021
 5.29591836734694e-001    3.14374834258405e+021
 5.54081632653061e-001    3.16011984794761e+021
 5.78571428571429e-001    3.20746641863896e+021
 6.03061224489796e-001    3.22416974471787e+021
 6.27551020408163e-001    3.20974768360279e+021
 6.52040816326531e-001    3.16461662728929e+021
 6.76530612244898e-001    3.15046095373045e+021
 7.01020408163265e-001    3.15158111490918e+021
 7.25510204081633e-001    3.15270167436649e+021
 7.50000000000000e-001    3.13859929768494e+021
 7.74489795918367e-001    3.09446863209619e+021
 7.98979591836735e-001    3.08062673813142e+021
 8.23469387755102e-001    3.08172206942705e+021
 8.47959183673469e-001    3.08281779017284e+021
 8.72448979591837e-001    3.09887199123692e+021
 8.96938775510204e-001    3.14530091446015e+021
 9.21428571428571e-001    3.16168050505702e+021
 9.45918367346939e-001    3.16280465539989e+021
 9.70408163265306e-001    3.16392920543969e+021
 9.94897959183673e-001    3.16505415531855e+021
 1.01938775510204e+000    3.16617950517861e+021
 1.04387755102041e+000    3.16730525516208e+021
 1.06836734693878e+000    3.16843140541126e+021
 1.09285714285714e+000    3.16955795606845e+021
 1.11734693877551e+000    3.17068490727599e+021
 1.14183673469388e+000    3.17181225917634e+021
 1.16632653061225e+000    3.17294001191194e+021
 1.19081632653061e+000    3.17406816562533e+021
 1.21530612244898e+000    3.17519672045906e+021
 1.23979591836735e+000    3.17632567655575e+021
 1.26428571428571e+000    3.17745503405809e+021
 1.28877551020408e+000    3.17858479310880e+021
 1.31326530612245e+000    3.17971495385062e+021
 1.33775510204082e+000    3.18084551642641e+021
 1.36224489795918e+000    3.18197648097903e+021
 1.38673469387755e+000    3.18310784765140e+021
 1.41122448979592e+000    3.18423961658650e+021
 1.43571428571429e+000    3.18537178792735e+021
 1.46020408163265e+000    3.18650436181705e+021
 1.48469387755102e+000    3.18763733839871e+021
 1.50918367346939e+000    3.18877071781550e+021
 1.53367346938776e+000    3.18990450021067e+021
 1.55816326530612e+000    3.19103868572750e+021
 1.58265306122449e+000    3.19217327450929e+021
 1.60714285714286e+000    3.19330826669947e+021
 1.63163265306122e+000    3.19444366244144e+021
 1.65612244897959e+000    3.19557946187869e+021
 1.68061224489796e+000    3.19671566515477e+021
 1.70510204081633e+000    3.19785227241325e+021
 1.72959183673469e+000    3.19898928379778e+021
 1.75408163265306e+000    3.20012669945205e+021
 1.77857142857143e+000    3.18581218548730e+021
 1.80306122448980e+000    3.14101767722050e+021
 1.82755102040816e+000    3.09685300770566e+021
 1.85204081632653e+000    3.06811896853698e+021
 1.87653061224490e+000    3.06920985263641e+021
 1.90102040816327e+000    3.07030112460481e+021
 1.92551020408163e+000    3.07139278458008e+021
 1.95000000000000e+000    3.05765411138516e+021
 1.97448979591837e+000    3.04397689276620e+021
 1.99897959183673e+000    3.04505919303728e+021
 2.02346938775510e+000    3.06091676097168e+021
 2.04795918367347e+000    3.07685690938970e+021
 2.07244897959184e+000    3.07795090030500e+021
 2.09693877551020e+000    3.07904528019393e+021
 2.12142857142857e+000    3.08014004919476e+021
 2.14591836734694e+000    3.08123520744584e+021
 2.17040816326531e+000    3.08233075508558e+021
 2.19489795918367e+000    3.08342669225243e+021
 2.21938775510204e+000    3.08452301908487e+021
 2.24387755102041e+000    3.08561973572147e+021
 2.26836734693878e+000    3.08671684230081e+021
 2.29285714285714e+000    3.08781433896156e+021
 2.31734693877551e+000    3.08891222584239e+021
 2.34183673469388e+000    3.09001050308204e+021
 2.36632653061224e+000    3.09110917081934e+021
 2.39081632653061e+000    3.09220822919310e+021
 2.41530612244898e+000    3.09330767834222e+021
 2.43979591836735e+000    3.09440751840565e+021
 2.46428571428571e+000    3.09550774952238e+021
 2.48877551020408e+000    3.09660837183144e+021
 2.51326530612245e+000    3.09770938547193e+021
 2.53775510204082e+000    3.09881079058298e+021
 2.56224489795918e+000    3.09991258730380e+021
 2.58673469387755e+000    3.10101477577362e+021
 2.61122448979592e+000    3.10211735613170e+021
 2.63571428571429e+000    3.10322032851742e+021
 2.66020408163265e+000    3.10432369307015e+021
 2.68469387755102e+000    3.10542744992931e+021
 2.70918367346939e+000    3.10653159923442e+021
 2.73367346938776e+000    3.10763614112498e+021
 2.75816326530612e+000    3.13897123484416e+021
 2.78265306122449e+000    3.17062228836488e+021
 2.80714285714286e+000    3.17174961800078e+021
 2.83163265306122e+000    3.17287734846403e+021
 2.85612244897959e+000    3.17400547989712e+021
 2.88061224489796e+000    3.17513401244265e+021
 2.90510204081633e+000    3.17626294624323e+021
 2.92959183673469e+000    3.17739228144150e+021
 2.95408163265306e+000    3.17852201818021e+021
 2.97857142857143e+000    3.17965215660211e+021
 3.00306122448980e+000    3.18078269685005e+021

Line #2 - CO
 9.79591836734694e-002    6.69415789962173e+017
 1.56122448979592e-001    6.69981211222570e+017
 2.11224489795918e-001    6.70517314002736e+017
 2.63265306122449e-001    7.00891189361326e+017
 2.87755102040816e-001    7.01140394513327e+017
 3.36734693877551e-001    7.01639070667014e+017
 3.76530612244898e-001    7.33292384469573e+017
 4.01020408163265e-001    7.33553110018568e+017
 4.34353741496599e-001    7.19840260893539e+017
 4.58843537414966e-001    6.99491059870605e+017
 4.83333333333333e-001    6.83013983719125e+017
 5.07823129251701e-001    6.73410380694622e+017
 5.44557823129252e-001    6.86937076528118e+017
 5.69047619047619e-001    7.04009154283330e+017
 5.93537414965986e-001    7.04259468042392e+017
 6.18027210884354e-001    7.04509870801687e+017
 6.54761904761905e-001    6.91374083296909e+017
 6.79251700680272e-001    6.71829594099278e+017
 7.10204081632653e-001    6.75391595544505e+017
 7.34693877551020e-001    6.75631734196242e+017
 7.68367346938776e-001    6.59804635946437e+017
 7.92857142857143e-001    6.47387309728059e+017
 8.29591836734694e-001    6.47732612811761e+017
 8.78571428571429e-001    6.64066391114131e+017
 9.03061224489796e-001    6.77285000365911e+017
 9.33673469387755e-001    6.77586028569011e+017
 9.58163265306123e-001    6.77826947461709e+017
 9.09183673469388e-001    6.77345195305711e+017
 9.91496598639456e-001    6.91408219918681e+017
 1.01598639455782e+000    7.08591416596174e+017
 1.05306122448980e+000    7.08972865153576e+017
 1.07755102040816e+000    7.09224943783334e+017
 1.10204081632653e+000    7.09477112040834e+017
 1.12653061224490e+000    7.09729369957940e+017
 1.16632653061225e+000    7.10139480382531e+017
 1.19081632653061e+000    7.10391973807810e+017
 1.21530612244898e+000    7.10644557008311e+017
 1.23979591836735e+000    7.10897230015957e+017
 1.27959183673469e+000    7.11308015277470e+017
 1.30408163265306e+000    7.11560924180816e+017
 1.32857142857143e+000    7.11813923007108e+017
 1.35306122448980e+000    7.12067011788323e+017
 1.38979591836735e+000    7.12446813695585e+017
 1.41428571428571e+000    7.12700127504054e+017
 1.44489795918367e+000    7.13016896424988e+017
 1.46938775510204e+000    7.13270412929047e+017
 1.50918367346939e+000    7.13682569511931e+017
 1.56428571428571e+000    7.14253641063285e+017
 1.61632653061225e+000    7.14793405994162e+017
 1.64081632653061e+000    7.15047554144535e+017
 1.66530612244898e+000    7.15301792658478e+017
 1.68979591836735e+000    7.15556121568116e+017
 1.72959183673469e+000    7.15969598926185e+017
 1.75408163265306e+000    7.16224165277476e+017
 1.77857142857143e+000    7.16478822141029e+017
 1.80306122448980e+000    7.16733569549024e+017
 1.83979591836735e+000    7.17115860502274e+017
 1.86428571428571e+000    7.17370834412248e+017
 1.89761904761905e+000    7.03960492496114e+017
 1.92210884353741e+000    6.84060197455345e+017
 1.94659863945578e+000    6.87622535776113e+017
 1.97108843537415e+000    6.87867023196055e+017
 2.00816326530612e+000    6.88237315408938e+017
 2.03265306122449e+000    6.88482021416664e+017
 2.06326530612245e+000    6.88788026282652e+017
 2.08775510204082e+000    6.89032928098215e+017
 2.11836734693878e+000    6.89339177821904e+017
 2.14285714285714e+000    6.89584275601982e+017
 2.18265306122449e+000    7.20693756788925e+017
 2.23469387755102e+000    7.07413373304260e+017
 2.25918367346939e+000    7.04249036525737e+017
 2.29285714285714e+000    7.08010889178778e+017
 2.31734693877551e+000    6.94686335669865e+017
 2.34183673469388e+000    7.08514451874277e+017
 2.36632653061224e+000    7.05345189851835e+017
 2.40612244897959e+000    7.23035382285727e+017
 2.46122448979592e+000    7.09743386916216e+017
 2.48571428571429e+000    7.09995739508606e+017
 2.51020408163265e+000    7.00012756152685e+017
 2.53469387755102e+000    7.10500713900729e+017
 2.57448979591837e+000    7.07479739047214e+017
 2.59897959183673e+000    6.97532132228549e+017
 2.62346938775510e+000    7.11416895589365e+017
 2.64795918367347e+000    7.11669843205616e+017
 2.68775510204082e+000    7.25997311284564e+017
 2.71224489795918e+000    7.26255443036048e+017
 2.73673469387755e+000    7.26513666567489e+017
 2.76122448979592e+000    7.26771981911517e+017
 2.79795918367347e+000    7.27159627147578e+017
 2.82244897959184e+000    7.27418172165923e+017
 2.85306122448980e+000    7.27741482714881e+017
 2.87755102040816e+000    7.28000234614704e+017
 2.90816326530612e+000    7.28323803868953e+017
 2.93265306122449e+000    7.28582762815795e+017
 2.97551020408163e+000    7.29036162545691e+017

Line #3 - C2H2
 1.01020408163265e-001    1.05754001941266e+014
 1.11904761904762e-001    1.44163237521172e+014
 1.22108843537415e-001    1.98431556287565e+014
 1.32312925170068e-001    2.71810079807131e+014
 1.42517006802721e-001    3.74129341697500e+014
 1.52380952380952e-001    5.14962775924402e+014
 1.62585034013605e-001    7.05392205959760e+014
 1.72789115646259e-001    9.70927648604988e+014
 1.82653061224490e-001    1.33641375166891e+015
 1.93197278911565e-001    1.83061872216566e+015
 2.05102040816327e-001    2.48347993925885e+015
 2.17346938775510e-001    3.35292751630218e+015
 2.29591836734694e-001    4.52676212594306e+015
 2.40816326530612e-001    6.17088614796714e+015
 2.51700680272109e-001    8.45291772565416e+015
 2.62925170068027e-001    1.15230249462861e+016
 2.75170068027211e-001    1.55571489838446e+016
 2.89115646258503e-001    2.07014165542342e+016
 3.03401360544218e-001    2.75468701694972e+016
 3.24489795918367e-001    2.79582113684405e+016
 3.58163265306122e-001    2.92169042271788e+016
 4.41836734693878e-001    2.85531961246741e+016
 4.64965986394558e-001    2.69515553641790e+016
 4.89795918367347e-001    2.63168196732900e+016
 5.14285714285714e-001    2.44831283906730e+016
 3.97959183673469e-001    2.92337869398085e+016
 4.28571428571429e-001    2.80004836461792e+016
 5.37755102040816e-001    2.21251197314066e+016
 5.60884353741497e-001    1.98015606590402e+016
 5.84013605442177e-001    1.78079777187297e+016
 6.07482993197279e-001    1.62493542767607e+016
 6.31292517006803e-001    1.48991381750430e+016
 6.55102040816327e-001    1.35295516153782e+016
 6.78571428571429e-001    1.23453926591999e+016
 7.02380952380952e-001    1.13744744688871e+016
 7.26530612244898e-001    1.04799670458787e+016
 7.50000000000000e-001    9.56271958708444e+015
 7.73469387755102e-001    8.72575319186433e+015
 7.96938775510204e-001    7.88536215781345e+015
 8.20068027210884e-001    6.98928340650768e+015
 8.42857142857143e-001    6.13534132789792e+015
 8.65646258503401e-001    5.35973619885247e+015
 8.87755102040816e-001    4.63704197867488e+015
 9.09863945578231e-001    4.01179414699490e+015
 9.32312925170068e-001    3.48770536781603e+015
 9.55102040816326e-001    3.06158180147185e+015
 9.77891156462585e-001    2.66163906041318e+015
 9.99659863945578e-001    2.26955364956095e+015
 1.02074829931973e+000    1.91656994141999e+015
 1.04149659863946e+000    1.60289089943435e+015
 1.06190476190476e+000    1.32122545690446e+015
 1.08197278911565e+000    1.08904984720705e+015
 1.10272108843537e+000    8.97682734860612e+014
 1.12346938775510e+000    7.39942523782036e+014
 1.14421768707483e+000    6.15851331769599e+014
 1.16530612244898e+000    5.12573238152905e+014
 1.18571428571429e+000    4.24551411909800e+014
 1.20340136054422e+000    3.41569547367326e+014
 1.21938775510204e+000    2.61820323900437e+014
 1.23469387755102e+000    1.98756112840239e+014
 1.24965986394558e+000    1.51613153510708e+014
 1.26428571428571e+000    1.15093217490738e+014
 1.27959183673469e+000    8.73709121658343e+013
 1.29523809523810e+000    6.66480649916288e+013
 1.31020408163265e+000    5.05944104140302e+013
 1.32517006802721e+000    3.84076321715394e+013
 1.34081632653061e+000    2.94401217064507e+013
 1.35612244897959e+000    2.24573305745235e+013
 1.37108843537415e+000    1.68838055576502e+013
 1.38639455782313e+000    1.28791995680184e+013
 1.40442176870748e+000    1.04626730965876e+013
 1.42721088435374e+000    9.63968085557339e+012
 1.45204081632653e+000    9.32200738957888e+012
 1.47687074829932e+000    9.10246492826473e+012
 1.50102040816327e+000    8.80240836749113e+012
 1.52517006802721e+000    8.43026500672670e+012
 1.54931972789116e+000    8.03488284806310e+012
 1.57346938775510e+000    7.69518850742449e+012
 1.59761904761905e+000    7.58695189304460e+012
 1.62176870748299e+000    7.73793616662273e+012
 1.64591836734694e+000    8.12440019980451e+012
 1.67006802721088e+000    8.61311524033652e+012
 1.69421768707483e+000    9.04328927930028e+012
 1.71836734693878e+000    9.40350596741016e+012
 1.74251700680272e+000    9.82549813983850e+012
 1.76666666666667e+000    1.02664276526809e+013
 1.79081632653061e+000    1.07271443389092e+013
 1.81496598639456e+000    1.11544331590826e+013
 1.83945578231293e+000    1.15428124338867e+013
 1.86394557823129e+000    1.18870579422027e+013
 1.88809523809524e+000    1.22415095688047e+013
 1.91258503401361e+000    1.25457412231158e+013
 1.93707482993197e+000    1.29198974427797e+013
 1.96122448979592e+000    1.33696813097164e+013
 1.98571428571429e+000    1.37684101953192e+013
 2.01020408163265e+000    1.41790305180125e+013
 2.03435374149660e+000    1.46018248255009e+013
 2.05884353741497e+000    1.50373003769046e+013
 2.08333333333333e+000    1.54857632746253e+013
 2.10748299319728e+000    1.57939379871822e+013
 2.13197278911565e+000    1.61864562346190e+013
 2.15612244897959e+000    1.66691085249653e+013
 2.18061224489796e+000    1.71662374326919e+013
 2.20510204081633e+000    1.75928607002793e+013
 2.22959183673469e+000    1.79430563348269e+013
 2.25408163265306e+000    1.82118886026055e+013
 2.27857142857143e+000    1.83955237549369e+013
 2.30306122448980e+000    1.87616968420742e+013
 2.32755102040816e+000    1.91351588072847e+013
 2.35204081632653e+000    1.96107146189863e+013
 2.37653061224490e+000    1.99045326166230e+013
 2.40102040816327e+000    2.01052351334732e+013
 2.42551020408163e+000    2.04064622964656e+013
 2.45000000000000e+000    2.07122026025833e+013
 2.47448979591837e+000    2.06195546729103e+013
 2.49931972789116e+000    2.05274225189546e+013
 2.52312925170068e+000    2.13449753880125e+013
 2.56734693877551e+000    2.23093513902142e+013
 2.59149659863946e+000    2.22094495839057e+013
 2.61598639455782e+000    2.24333931707863e+013
 2.64013605442177e+000    2.24412586676804e+013
 2.66462585034014e+000    2.24492377625274e+013
 2.72448979591837e+000    2.29078621581772e+013
 2.78877551020408e+000    2.39498258186117e+013
 2.86530612244898e+000    2.39764467259728e+013
 2.89897959183673e+000    2.39881692973447e+013
 2.93877551020408e+000    2.40020306347954e+013
 2.98469387755102e+000    2.40180344388060e+013

Line #4 - HCN
 1.07142857142857e-001    2.34147255798495e+016
 1.31292517006803e-001    2.47033942701102e+016
 1.55442176870748e-001    2.60629870029182e+016
 1.79591836734694e-001    2.74974072018992e+016
 2.03741496598639e-001    2.90107731221444e+016
 2.27891156462585e-001    3.07558867075873e+016
 2.52040816326531e-001    3.29230443173804e+016
 2.76190476190476e-001    3.54138475094271e+016
 3.00000000000000e-001    3.71823756392406e+016
 3.24149659863946e-001    3.70158720764865e+016
 3.48639455782313e-001    3.61439333513074e+016
 3.73129251700680e-001    3.52925338461390e+016
 3.97619047619048e-001    3.51346665127368e+016
 4.22108843537415e-001    3.56610724883971e+016
 4.46598639455782e-001    3.65473379458290e+016
 4.70748299319728e-001    3.78196702580877e+016
 4.94897959183673e-001    3.93261217211587e+016
 5.19387755102041e-001    4.04989590031935e+016
 5.43877551020408e-001    4.19090670834211e+016
 5.68027210884354e-001    4.33680587152025e+016
 5.92176870748299e-001    4.46612196494653e+016
 6.16666666666667e-001    4.53303574338024e+016
 6.41156462585034e-001    4.53464748551453e+016
 6.65646258503401e-001    4.53625980071131e+016
 6.90136054421769e-001    4.53787268917432e+016
 7.14625850340136e-001    4.53948615110739e+016
 7.39115646258503e-001    4.60749911020304e+016
 7.63605442176871e-001    4.65395770762977e+016
 7.88095238095238e-001    4.56637161333191e+016
 8.12244897959184e-001    4.31029296227079e+016
 8.35714285714286e-001    3.91405479270193e+016
 8.59183673469388e-001    3.50302176942403e+016
 8.82312925170068e-001    3.13513774837225e+016
 9.05442176870748e-001    2.80588855800480e+016
 9.28571428571429e-001    2.51121680507655e+016
 9.51700680272109e-001    2.23664267912018e+016
 9.74489795918367e-001    2.00174270465451e+016
 9.97959183673469e-001    1.85324968426271e+016
 1.02210884353742e+000    1.76633167396033e+016
 1.04659863945578e+000    1.72472430658955e+016
 1.07074829931973e+000    1.68408871930953e+016
 1.09523809523810e+000    1.64441865107586e+016
 1.11972789115646e+000    1.60568304329882e+016
 1.14421768707483e+000    1.58310613726382e+016
 1.16904761904762e+000    1.55332022182219e+016
 1.19319727891156e+000    1.46621120382005e+016
 1.21564625850340e+000    1.29958069628734e+016
 1.23673469387755e+000    1.10277995431899e+016
 1.25748299319728e+000    9.17839537110080e+015
 1.27857142857143e+000    7.67623384494074e+015
 1.30000000000000e+000    6.45109099303892e+015
 1.32142857142857e+000    5.44777962609248e+015
 1.34285714285714e+000    4.57830269216055e+015
 1.36360544217687e+000    3.79211071582148e+015
 1.38367346938776e+000    3.11064493969674e+015
 1.40340136054422e+000    2.53931360117077e+015
 1.44795918367347e+000    1.53621659871285e+015
 1.46632653061224e+000    1.22406029872542e+015
 1.48435374149660e+000    9.70620891273933e+014
 1.50306122448980e+000    7.73396385137303e+014
 1.52176870748299e+000    6.19235766979242e+014
 1.54081632653061e+000    4.98211175400933e+014
 1.55952380952381e+000    3.96977569259163e+014
 1.57789115646259e+000    3.14785656345485e+014
 1.59727891156463e+000    2.58214174952236e+014
 1.61904761904762e+000    2.25568438220712e+014
 1.64251700680272e+000    2.05825811565842e+014
 1.66666666666667e+000    1.90559149347442e+014
 1.69081632653061e+000    1.77280581095667e+014
 1.71462585034014e+000    1.63338137487223e+014
 1.73809523809524e+000    1.49765056669740e+014
 1.76190476190476e+000    1.38655889053691e+014
 1.78571428571429e+000    1.28370769502430e+014
 1.80952380952381e+000    1.17703989947998e+014
 1.83333333333333e+000    1.07923550691313e+014
 1.85714285714286e+000    9.99180730384534e+013
 1.88129251700680e+000    9.34064363599970e+013
 1.90544217687075e+000    8.68976765097950e+013
 1.92925170068027e+000    8.00635046735190e+013
 1.95306122448980e+000    7.41246100266337e+013
 1.97687074829932e+000    6.89591085117485e+013
 2.00102040816327e+000    6.41538906458498e+013
 2.02517006802721e+000    5.99729970928443e+013
 2.04931972789116e+000    5.66097569766020e+013
 2.07346938775510e+000    5.42164409278790e+013
 2.09761904761905e+000    5.14242462170014e+013
 2.12176870748299e+000    4.85404135554988e+013
 2.14591836734694e+000    4.58183040388423e+013
 2.17006802721088e+000    4.34586208134381e+013
 2.19421768707483e+000    4.14203974247250e+013
 2.21870748299320e+000    3.98618556580256e+013
 2.24285714285714e+000    3.83617683550410e+013
 2.26700680272109e+000    3.67399306937441e+013
 2.29115646258503e+000    3.51866601896038e+013
 2.31530612244898e+000    3.36990579982086e+013
 2.33945578231293e+000    3.24308900167845e+013
 2.36394557823129e+000    3.13619826471489e+013
 2.38843537414966e+000    3.03283059777583e+013
 2.41326530612245e+000    2.97576832405470e+013
 2.43741496598639e+000    2.89163190051118e+013
 2.45850340136054e+000    2.66411081478782e+013
 2.54557823129252e+000    2.44498478865953e+013
 2.56836734693878e+000    2.39891168260866e+013
 2.59217687074830e+000    2.34238025230488e+013
 2.61632653061224e+000    2.29828600789170e+013
 2.64013605442177e+000    2.24412586676804e+013
 2.66462585034014e+000    2.24492377625274e+013
 2.68979591836735e+000    2.24574414552154e+013
 2.71428571428571e+000    2.25743916952380e+013
 2.76428571428571e+000    2.10092419502210e+013
 2.81326530612245e+000    2.01282783247395e+013
 2.86530612244898e+000    1.92851123802377e+013
 2.90816326530612e+000    1.92971135765197e+013
 2.95714285714286e+000    1.84879432514799e+013
 2.99081632653061e+000    1.84969823821218e+013

Line #5 - CN
 9.79591836734694e-002    8.36801916332286e+010
 1.17006802721088e-001    6.73255791323884e+010
 1.35034013605442e-001    5.31282521179510e+010
 1.53061224489796e-001    4.17224272690013e+010
 1.71768707482993e-001    3.29245073326823e+010
 1.92176870748299e-001    2.75357196545217e+010
 2.14965986394558e-001    2.52473057163329e+010
 2.39115646258503e-001    2.53786592568571e+010
 2.63265306122449e-001    2.65175531534778e+010
 2.87755102040816e-001    2.78420851771876e+010
 3.11904761904762e-001    2.98039270625449e+010
 3.35714285714286e-001    3.22140898825328e+010
 3.59523809523810e-001    3.48191560388046e+010
 3.83673469387755e-001    3.78176162821437e+010
 4.07142857142857e-001    4.18765930634077e+010
 4.29931972789116e-001    4.75062997645818e+010
 4.52380952380952e-001    5.46805784433929e+010
 4.74829931972789e-001    6.35503255724861e+010
 4.96938775510204e-001    7.42167115481794e+010
 5.18367346938776e-001    8.83663496720161e+010
 5.39115646258503e-001    1.06751014436627e+011
 5.59523809523810e-001    1.28959981490363e+011
 5.80272108843537e-001    1.55038181456993e+011
 6.01020408163265e-001    1.84594851808946e+011
 6.22789115646259e-001    2.17672794294490e+011
 6.44897959183673e-001    2.55440333259276e+011
 6.66666666666667e-001    3.01213227623544e+011
 6.88435374149660e-001    3.51767589740531e+011
 7.10544217687075e-001    4.10808811828877e+011
 7.32312925170068e-001    4.86772136235595e+011
 7.53741496598640e-001    5.79576700501816e+011
 7.75170068027211e-001    6.80130027644315e+011
 7.97959183673469e-001    7.64133127450148e+011
 8.22108843537415e-001    8.17976378265611e+011
 8.46258503401361e-001    8.46452810072334e+011
 8.70748299319728e-001    8.67489246572033e+011
 8.95238095238095e-001    8.93360695004145e+011
 9.19387755102041e-001    9.19999174687354e+011
 9.43877551020408e-001    9.47436645871654e+011
 9.68367346938775e-001    9.75692394773697e+011
 9.92517006802721e-001    9.99935816094797e+011
 1.01700680272109e+000    1.01491737821318e+012
 1.04149659863946e+000    1.02515105092108e+012
 1.06598639455782e+000    1.04051040089424e+012
 1.09047619047619e+000    1.05609987269324e+012
 1.11496598639456e+000    1.06159965920479e+012
 1.13945578231293e+000    1.06712808661713e+012
 1.16394557823129e+000    1.07788821331343e+012
 1.18843537414966e+000    1.07306670237621e+012
 1.21224489795918e+000    1.02273447691624e+012
 1.23571428571429e+000    9.42295646684958e+011
 1.25918367346939e+000    8.51541668720333e+011
 1.28265306122449e+000    7.69528349322241e+011
 1.30646258503401e+000    7.02179703417143e+011
 1.33027210884354e+000    6.43833117718711e+011
 1.35374149659864e+000    5.87482340227738e+011
 1.37721088435374e+000    5.33476051285552e+011
 1.40102040816327e+000    4.82098512793969e+011
 1.42414965986395e+000    4.33561764241458e+011
 1.44727891156463e+000    3.88029519310625e+011
 1.47006802721088e+000    3.42272680390700e+011
 1.49285714285714e+000    3.01911534849113e+011
 1.51598639455782e+000    2.68900806492342e+011
 1.53911564625850e+000    2.39499440683408e+011
 1.56224489795918e+000    2.13312793055156e+011
 1.58537414965986e+000    1.92767350193554e+011
 1.60952380952381e+000    1.80204748556449e+011
 1.63401360544218e+000    1.74265282088658e+011
 1.65850340136054e+000    1.71815003426690e+011
 1.68299319727891e+000    1.70220824101437e+011
 1.70748299319728e+000    1.67827413043771e+011
 1.73197278911565e+000    1.65467654839810e+011
 1.75646258503401e+000    1.64727500065212e+011
 1.78095238095238e+000    1.63990656083233e+011
 1.80544217687075e+000    1.61684845077468e+011
 1.82993197278912e+000    1.59411455213988e+011
 1.85442176870748e+000    1.57932361764393e+011
 1.87891156462585e+000    1.57988515356871e+011
 1.90340136054422e+000    1.58044688915023e+011
 1.92789115646259e+000    1.58100882445947e+011
 1.95238095238095e+000    1.58157095956745e+011
 1.97687074829932e+000    1.58213329454521e+011
 2.00136054421769e+000    1.58269582946380e+011
 2.02585034013605e+000    1.58325856439433e+011
 2.05034013605442e+000    1.58382149940790e+011
 2.07482993197279e+000    1.59206946945730e+011
 2.09931972789116e+000    1.60812271500066e+011
 2.12380952380952e+000    1.62433782954372e+011
 2.14829931972789e+000    1.64867450966143e+011
 2.17278911564626e+000    1.65726021075337e+011
 2.19727891156463e+000    1.65784945739963e+011
 2.22176870748299e+000    1.65843891355530e+011
 2.24625850340136e+000    1.65902857929487e+011
 2.27074829931973e+000    1.65961845469286e+011
 2.29523809523810e+000    1.66020853982383e+011
 2.31972789115646e+000    1.67694884912205e+011
 2.34421768707483e+000    1.69385795526036e+011
 2.36870748299320e+000    1.69446021440645e+011
 2.39319727891156e+000    1.70328435090387e+011
 2.41768707482993e+000    1.72880384915325e+011
 2.44217687074830e+000    1.73780683489024e+011
 2.46666666666667e+000    1.73842472026676e+011
 2.49115646258503e+000    1.73904282533532e+011
 2.51564625850340e+000    1.73966115017404e+011
 2.54013605442177e+000    1.74027969486106e+011
 2.56462585034014e+000    1.74934244265565e+011
 2.58911564625850e+000    1.76698151199912e+011
 2.61360544217687e+000    1.77618331320857e+011
 2.63809523809524e+000    1.79409302594660e+011
 2.66258503401361e+000    1.81218332692006e+011
 2.68707482993197e+000    1.82162052284779e+011
 2.71156462585034e+000    1.82226820857444e+011
 2.73605442176871e+000    1.82291612458879e+011
 2.76054421768707e+000    1.82356427097271e+011
 2.78503401360544e+000    1.83306073474452e+011
 2.80952380952381e+000    1.86052461074767e+011
 2.83401360544218e+000    1.87928475846031e+011
 2.85850340136054e+000    1.89823406956276e+011
 2.88299319727891e+000    1.90811938666343e+011
 2.90748299319728e+000    1.90879782746709e+011
 2.93197278911565e+000    1.92804472642772e+011
 2.95680272108844e+000    1.94749531232051e+011
 2.98095238095238e+000    1.90161110031117e+011
 3.00340136054422e+000    1.65319031810787e+011

Line #6 - CH4
 1.16326530612245e-001    9.85508655404644e+016
 1.40476190476190e-001    9.43843864614069e+016
 1.64285714285714e-001    8.69614133550312e+016
 1.88435374149660e-001    8.28828949092511e+016
 2.35714285714286e-001    5.36583940752500e+016
 2.66326530612245e-001    3.95770070999071e+016
 2.81632653061224e-001    3.18402737926348e+016
 3.06122448979592e-001    2.34824536987708e+016
 3.21428571428571e-001    1.73161867273390e+016
 3.39795918367347e-001    1.17045652046248e+016
 3.55102040816327e-001    9.41649174729725e+015
 3.73469387755102e-001    6.09367973921321e+015
 3.85714285714286e-001    4.90223551388009e+015
 4.06802721088435e-001    3.31370887637448e+015
 4.21088435374150e-001    2.49127845747230e+015
 4.40816326530612e-001    1.72520550638293e+015
 4.56122448979592e-001    1.30965822359016e+015
 4.77551020408163e-001    8.98223626456754e+014
 5.14285714285714e-001    4.88473089128078e+014
 5.54081632653061e-001    3.02728771209508e+014
 5.70068027210884e-001    2.32048042757212e+014
 5.94217687074830e-001    1.73638738915143e+014
 6.14965986394558e-001    1.44518858114964e+014
 6.42517006802721e-001    1.15168252150148e+014
 6.63945578231293e-001    9.72566126122337e+013
 6.91836734693878e-001    7.52872068123143e+013
 7.12925170068027e-001    6.32708999705016e+013
 7.40476190476191e-001    5.01777142725813e+013
 7.61904761904762e-001    4.23737829450903e+013
 7.89455782312925e-001    3.40963802998904e+013
 8.11564625850340e-001    2.92148126043347e+013
 8.35034013605442e-001    2.65291427503440e+013
 8.58843537414966e-001    2.43247428033559e+013
 8.96938775510204e-001    2.04474096500776e+013
 9.20748299319728e-001    1.86578649849429e+013
 9.48979591836735e-001    1.64590105878878e+013
 9.72789115646258e-001    1.50185281456123e+013
 1.00408163265306e+000    1.32491632056872e+013
 1.02823129251701e+000    1.26890223991222e+013
 1.05238095238095e+000    1.21525629162988e+013
 1.07653061224490e+000    1.16387835712874e+013
 1.11734693877551e+000    1.06743108671440e+013
 1.14149659863946e+000    1.02230282460588e+013
 1.16564625850340e+000    9.79082470245497e+012
 1.18979591836735e+000    9.37689362162901e+012
 1.22448979591837e+000    8.59909300785452e+012
 1.24863945578231e+000    8.23554530160546e+012
 1.28265306122449e+000    7.58897498540504e+012
 1.30680272108844e+000    7.23304960116394e+012
 1.33741496598639e+000    6.76230785033213e+012
 1.36156462585034e+000    6.32160988158436e+012
 1.39557823129252e+000    5.96795325657057e+012
 1.42006802721088e+000    5.79924488179493e+012
 1.44455782312925e+000    5.82944525356161e+012
 1.46904761904762e+000    5.83151794018193e+012
 1.50612244897959e+000    5.83465715984172e+012
 1.53061224489796e+000    5.83673169957978e+012
 1.56734693877551e+000    5.83984489229196e+012
 1.62551020408163e+000    5.59571328979631e+012
 1.68367346938776e+000    5.36178747879621e+012
 1.74183673469388e+000    4.91870989383803e+012
 1.80918367346939e+000    4.71371418900802e+012
 1.78469387755102e+000    4.82742815314340e+012
 1.86734693877551e+000    4.40869877988935e+012
 1.84285714285714e+000    4.53695416851165e+012
 1.90408163265306e+000    4.32649733354298e+012
 1.95918367346939e+000    3.96879579861102e+012
 1.98367346938776e+000    3.97020692258470e+012
 2.00816326530612e+000    3.85797294074263e+012
 2.03265306122449e+000    3.97303067590572e+012
 2.08163265306122e+000    3.97585643758120e+012
 2.14897959183673e+000    4.15688290253537e+012
 2.12448979591837e+000    4.15540542863188e+012
 2.20102040816327e+000    4.26189578830772e+012
 2.17653061224490e+000    4.26038098985074e+012
 2.15204081632653e+000    4.15706762370623e+012
 2.24047619047619e+000    4.18259673097279e+012
 2.26496598639456e+000    4.16388752195158e+012
 2.28945578231292e+000    4.16536801170315e+012
 2.31394557823129e+000    4.16684902784981e+012
 2.34795918367347e+000    4.06925806044870e+012
 2.37244897959184e+000    4.07070490425109e+012
 2.40612244897959e+000    3.99462793915167e+012
 2.43061224489796e+000    3.99604824786417e+012
 2.46428571428571e+000    3.90243830471200e+012
 2.48877551020408e+000    3.86622967136002e+012
 2.51326530612245e+000    3.83035699850937e+012
 2.53775510204082e+000    3.83171889991791e+012
 2.57721088435374e+000    3.76042393827912e+012
 2.60170068027211e+000    3.65412032231228e+012
 2.62619047619048e+000    3.67314966052155e+012
 2.65068027210884e+000    3.67445566612322e+012
 2.69081632653061e+000    3.76663031512816e+012
 2.71530612244898e+000    3.74978176902054e+012
 2.73979591836735e+000    3.75111502152806e+012
 2.76428571428571e+000    3.75244874807977e+012
 2.80408163265306e+000    3.84656088126919e+012
 2.86224489795918e+000    3.68575745423282e+012
 2.91734693877551e+000    3.68870670830911e+012
 2.93265306122449e+000    3.68952636428516e+012
 2.90816326530612e+000    3.68821500213057e+012
 2.98469387755102e+000    3.69231455720221e+012

Line #7 - NH3
 1.04761904761905e-001    9.42784283051962e+015
 1.14965986394558e-001    6.85148606621920e+015
 1.26530612244898e-001    4.49817725569874e+015
 1.36734693877551e-001    3.26895551239322e+015
 1.48639455782313e-001    2.12549533753142e+015
 1.59183673469388e-001    1.55215875199203e+015
 1.74489795918367e-001    9.34085117076814e+014
 1.95918367346939e-001    4.45665011477523e+014
 2.21428571428571e-001    2.33121757902744e+014
 2.33333333333333e-001    1.71897734176740e+014
 2.48299319727891e-001    1.21356841294645e+014
 2.60544217687075e-001    8.99197608786485e+013
 2.78571428571429e-001    6.01940049618488e+013
 2.91156462585034e-001    4.46011712157723e+013
 3.12244897959184e-001    3.27333240213403e+013
 3.31292517006803e-001    2.63358622112638e+013
 3.61224489795918e-001    2.01910855209967e+013
 4.04421768707483e-001    1.23934261188237e+013
 4.21428571428571e-001    9.63887177816603e+012
 4.43537414965986e-001    7.14297724211369e+012
 4.59523809523810e-001    5.50180090211447e+012
 4.83673469387755e-001    4.05760163677626e+012
 4.99319727891156e-001    3.09520973164057e+012
 5.17346938775510e-001    2.30472337414058e+012
 5.35714285714286e-001    1.83640795457731e+012
 5.59863945578231e-001    1.25346273594076e+012
 5.75510204081633e-001    9.60801106815998e+011
 6.00000000000000e-001    6.78402822721973e+011
 6.45578231292517e-001    5.40766210853296e+011
 6.68707482993197e-001    4.79314485330503e+011
 6.22448979591837e-001    6.01304375808413e+011
 7.10204081632653e-001    3.87633140965131e+011
 7.59183673469388e-001    3.25896396238434e+011
 7.80612244897959e-001    2.86073124189827e+011
 8.04761904761905e-001    2.73978682598869e+011
 8.28911564625850e-001    2.93284092082275e+011
 7.57142857142857e-001    3.18097115930116e+011
 8.65986394557823e-001    3.34395036228245e+011
 8.90136054421769e-001    3.57957574168675e+011
 9.21428571428571e-001    4.06129958073587e+011
 9.45578231292517e-001    4.36855846791645e+011
 9.76530612244898e-001    4.83796272003826e+011
 1.00034013605442e+000    5.28004563390935e+011
 1.02482993197279e+000    5.41126776864803e+011
 1.04931972789116e+000    5.38706258075514e+011
 1.08979591836735e+000    5.52222567229908e+011
 1.11428571428571e+000    5.55098342812458e+011
 1.13877551020408e+000    5.71653243299782e+011
 1.16326530612245e+000    5.77417369838480e+011
 1.20034013605442e+000    5.91875729054524e+011
 1.22448979591837e+000    6.30522912911952e+011
 1.36530612244898e+000    9.34977952927283e+011
 1.38945578231293e+000    1.00085947359160e+012
 1.47823129251701e+000    9.59445325466401e+011
 1.50272108843537e+000    9.32322716661228e+011
 1.60714285714286e+000    8.60004834356271e+011
 1.66224489795918e+000    8.60692989449177e+011
 1.78197278911565e+000    8.05718918088381e+011
 1.75748299319728e+000    8.29158440296418e+011
 1.88877551020408e+000    7.57772369892182e+011
 2.00850340136054e+000    7.09372031039239e+011
 1.98401360544218e+000    7.30008683725456e+011
 2.11530612244898e+000    7.27870847166780e+011
 2.09081632653061e+000    7.27612141254920e+011
 2.06632653061224e+000    7.27353527294467e+011
 2.04183673469388e+000    7.09715353276489e+011
 2.16428571428571e+000    7.28388534975509e+011
 2.28673469387755e+000    7.33223597349304e+011
 2.26224489795918e+000    7.29425015449161e+011
 2.33265306122449e+000    7.30170896670942e+011
 2.49183673469388e+000    7.31860049529974e+011
 2.51632653061224e+000    7.32120265805559e+011
 2.60510204081633e+000    7.47390638730613e+011
 2.62959183673469e+000    7.51282779104865e+011
 2.73367346938776e+000    7.67123260908497e+011
 2.79183673469388e+000    7.53054233788340e+011
 2.76734693877551e+000    7.38356832167945e+011
 2.74285714285714e+000    7.52519015319865e+011
 2.84693877551020e+000    7.35642254459641e+011
 2.91122448979592e+000    7.69102927958299e+011
 2.93639455782313e+000    7.54636092339212e+011
 2.95918367346939e+000    7.84679626258241e+011
 2.88673469387755e+000    7.50452339527767e+011
