Generated by GetData Graph Digitizer 2.26.0.20 on April 14 2016, 14:08
from file 'C:\Users\abayless\Dropbox\Proposals\KathyIR&D2016\digiplots\agundez2008 Figure1 UV C2H2.jpg'

Line #1 T=1000
 2.08951647551424e-001    3.55842038404986e-010
 2.48026133141369e-001    5.26586861760212e-010
 3.20773751060547e-001    9.82342776752009e-010
 4.14835855422854e-001    1.76840691732313e-009
 5.51973859709684e-001    3.18347434240440e-009
 7.34427241009149e-001    5.62967804822865e-009
 1.07990920934803e+000    1.21107808933318e-008
 1.49952148762849e+000    2.10386276865168e-008
 1.80545519918520e+000    3.11336596958667e-008
 2.26852705618376e+000    4.44599584224196e-008
 3.24087450409590e+000    7.58712727447868e-008
 4.07188538456586e+000    1.04554410992552e-007
 5.26387532358206e+000    1.46671013846291e-007
 6.80424227877741e+000    1.95045258198758e-007
 9.17937353259479e+000    2.64036181254536e-007
 1.23822190781848e+001    3.32846284779992e-007
 1.69429965027363e+001    4.34808346710451e-007
 2.22150234606731e+001    5.78214495333016e-007
 2.87150113879494e+001    7.55341129692788e-007
 3.81919509994373e+001    1.04089787947974e-006
 4.79876067873455e+001    1.48643869354678e-006
 5.94450801073691e+001    2.16084106161028e-006
 7.57627175293196e+001    3.08575685271605e-006
 9.38465804718218e+001    4.32876128108306e-006
 1.17916804042954e+002    6.18162299124388e-006
 1.56824761243258e+002    8.22041261457490e-006
 2.08559344846360e+002    1.05489888118655e-005
 2.97789061562844e+002    1.26060861507129e-005
 4.19138558484090e+002    1.40281995234749e-005
 6.24470740261905e+002    1.50643261523275e-005
 8.66448419250508e+002    1.58913408039195e-005
 1.48815869294367e+003    1.53351014623793e-005
 3.07566250635753e+003    1.50643261523275e-005
 7.54120228167173e+003    1.53351014623793e-005
 1.29533767339346e+004    1.56107438516348e-005
 2.75438872395034e+004    1.50643261523275e-005
 5.61249801956963e+004    1.53351014623793e-005
 1.65583514874574e+005    1.53351014623793e-005

Line #2 T=750
 2.37473674734172e-001    3.19768433908573e-010
 2.70112007726893e-001    4.90368137845409e-010
 2.82401490663752e-001    5.59911635701556e-010
 2.94317588449372e-001    6.39317719889918e-010
 3.49385648847766e-001    1.00000000000000e-009
 3.80685870645205e-001    1.28326755680876e-009
 4.54833547564141e-001    2.15977201163693e-009
 4.65855034892809e-001    2.48567188262134e-009
 5.76374575355912e-001    4.54611305849564e-009
 6.02598309608548e-001    5.19083807086372e-009
 6.28025301392010e-001    5.92699731203880e-009
 6.56599026382337e-001    6.76755788898457e-009
 7.35013920675696e-001    9.43745583613829e-009
 7.72105763370669e-001    1.07332899236397e-008
 8.11069413872008e-001    1.22070518352800e-008
 8.47968636001872e-001    1.39106805487076e-008
 9.78239989518908e-001    1.99437387428571e-008
 1.02274455848946e+000    2.27271074410412e-008
 1.08116872539998e+000    2.57455854707875e-008
 1.13035944711015e+000    2.93967975496550e-008
 1.32061930204804e+000    4.21461802788255e-008
 1.39826517093290e+000    4.76493704900157e-008
 1.48047623203140e+000    5.38711335896665e-008
 1.83122282983345e+000    8.31039658356151e-008
 1.94195291608620e+000    9.37693781461531e-008
 2.05938491180959e+000    1.06013209509029e-007
 2.21169462643202e+000    1.18675379055426e-007
 2.69653134676172e+000    1.63217212856328e-007
 2.90511270517217e+000    1.81630015870116e-007
 3.13972566500394e+000    2.01321410022765e-007
 4.18945613948964e+000    2.89779382972354e-007
 4.57096559249082e+000    3.21195776458223e-007
 4.96356229536448e+000    3.53910287707130e-007
 5.41548226103268e+000    3.88416103853867e-007
 4.18953304389728e+000    2.93241509175867e-007
 6.91187591698405e+000    5.01410499251628e-007
 7.54116190636607e+000    5.49209199898247e-007
 8.24076497304629e+000    6.01564478013656e-007
 8.99103856036365e+000    6.58910705201022e-007
 1.17136107563689e+001    8.40552408490251e-007
 1.29016544651679e+001    9.08011928450393e-007
 1.41430978383654e+001    9.88682740019524e-007
 1.98494482991614e+001    1.33310905415738e-006
 2.25664341982619e+001    1.48643869354678e-006
 2.47769407290784e+001    1.61529831548137e-006
 3.46068086835344e+001    2.08520585724875e-006
 3.81167768900270e+001    2.25255650038204e-006
 4.17843817627438e+001    2.44783100466242e-006
 6.03338969055791e+001    3.19768433908573e-006
 6.66631561096000e+001    3.43386617331523e-006
 7.36563790906396e+001    3.68749246200141e-006
 1.07023768926568e+002    4.63929246369134e-006
 1.18810520660730e+002    4.90368137845409e-006
 1.32103754159798e+002    5.17288799982653e-006
 1.97156475480585e+002    6.02458212439664e-006
 2.20597420234487e+002    6.18162299124388e-006
 2.46439049526117e+002    6.40584465099193e-006
 3.78957641152143e+002    6.75751835538622e-006
 4.24674665712099e+002    6.82473096991378e-006
 4.75905484816583e+002    6.87898207765022e-006
 7.29444269063482e+002    6.87898207765022e-006
 8.17443607096375e+002    6.94740281236544e-006
 9.16045073600221e+002    6.94740281236544e-006
 1.42419449088798e+003    6.93366443794497e-006
 1.59598818475047e+003    6.94740281236544e-006
 1.78849904932031e+003    6.94740281236544e-006
 2.70257490588644e+003    6.94740281236544e-006
 3.02856418116312e+003    6.94740281236544e-006
 3.39387484855512e+003    6.94740281236544e-006
 5.04798662646797e+003    6.97496127885737e-006
 5.65684892037905e+003    6.94740281236544e-006
 6.33918785421857e+003    6.94740281236544e-006
 7.10383169440905e+003    6.94740281236544e-006
 9.71630283223087e+003    6.90626913760709e-006
 1.08884333899314e+004    6.96116840802417e-006
 1.22017777911799e+004    6.94740281236544e-006
 1.36736192368866e+004    6.96116840802417e-006
 1.90003893674088e+004    6.93366443794497e-006
 2.12923144486648e+004    6.94740281236544e-006
 2.38606303687768e+004    6.94740281236544e-006
 3.81679760882128e+004    6.93366443794497e-006
 4.27719944588786e+004    6.94740281236544e-006
 4.79312266582965e+004    6.94740281236544e-006
 7.45201394657002e+004    6.96116840802417e-006
 8.35086325245859e+004    6.94740281236544e-006
 9.35815887030592e+004    6.94740281236544e-006
 1.35495744623431e+005    6.87898207765022e-006
 1.82707190936592e+005    6.87898207765022e-006

Line #3 T=500
 5.42361921501764e-001    3.68749246200141e-010
 5.67934023502930e-001    4.20212270389629e-010
 5.99430147668342e-001    4.76965534010641e-010
 6.69875096939562e-001    6.14502328967655e-010
 7.01459383424032e-001    7.00262906232658e-010
 7.42701718159663e-001    7.91698949673474e-010
 7.86368897746814e-001    8.95074151915504e-010
 8.32606038326472e-001    1.01395252962193e-009
 8.84349611247486e-001    1.14408135901044e-009
 9.40795764262493e-001    1.29091068644330e-009
 1.00084475505757e+000    1.45658382356207e-009
 1.06640871158542e+000    1.64026911873819e-009
 1.13805938513270e+000    1.83982033090080e-009
 1.21644673230659e+000    2.06364846556391e-009
 1.30640972199603e+000    2.30556145672133e-009
 1.44139188421257e+000    2.72802182259772e-009
 1.35063554407667e+000    2.42252470142029e-009
 1.56025790721997e+000    3.01780047280326e-009
 1.67564764216869e+000    3.37156476515942e-009
 1.77411313933197e+000    3.73709251333412e-009
 2.01711360184796e+000    4.38698696804005e-009
 2.29339786316680e+000    5.14990051466049e-009
 2.64914501638555e+000    6.11771579109526e-009
 2.86306885433568e+000    6.75417515493242e-009
 3.13855398549935e+000    7.33969574230884e-009
 3.42430102056123e+000    8.03937777957672e-009
 3.74196628115406e+000    8.78834619780689e-009
 4.08910068513750e+000    9.60709037566503e-009
 4.46843802345411e+000    1.05021107963667e-008
 4.88296569512791e+000    1.14805135443026e-008
 5.33596455886030e+000    1.25749334477402e-008
 6.43253888188477e+000    1.48496826225447e-008
 7.06261988974926e+000    1.61050934631432e-008
 7.75444241048088e+000    1.75012467413722e-008
 8.51403275783531e+000    1.90184327836004e-008
 9.33322635657763e+000    2.06262750045162e-008
 1.02797785594378e+001    2.21936248082069e-008
 1.13405281448114e+001    2.42612380642506e-008
 1.03778011831802e+001    2.21936248082069e-008
 1.20059725889600e+001    2.55425428526578e-008
 1.25104281368390e+001    2.61048015147026e-008
 1.46339219203575e+001    2.95134066886559e-008
 1.32445204816817e+001    2.74834701173776e-008
 1.64277640109465e+001    3.28428627804126e-008
 1.80938262726498e+001    3.53385269039758e-008
 1.98974811999844e+001    3.81746618516141e-008
 2.18464822458635e+001    4.14019957645922e-008
 2.41382627527070e+001    4.44599584224196e-008
 2.37212630620514e+001    4.36749190109586e-008
 2.59627891694795e+001    4.76493704900157e-008
 3.15956869057442e+001    5.50569791677552e-008
 2.85958695579612e+001    5.12701518219411e-008
 3.49101966989456e+001    5.91235026103705e-008
 3.85724113925659e+001    6.34903805795020e-008
 4.24177017693563e+001    6.88579371852051e-008
 4.91469799151245e+001    7.58712727447868e-008
 4.44809106611011e+001    7.07928267886791e-008
 5.43026882471163e+001    8.14751455671162e-008
 5.99992503294399e+001    8.74929219589095e-008
 6.63977347964556e+001    9.33988900298329e-008
 7.97834863814644e+001    1.04554410992552e-007
 8.87104126611964e+001    1.10512868553122e-007
 9.86358655819137e+001    1.16579901393405e-007
 1.09671502162284e+002    1.22736816613140e-007
 1.21941461328324e+002    1.28963367752448e-007
 1.35798383700001e+002    1.35237837056252e-007
 1.51229023963092e+002    1.41257249549458e-007
 1.68945089690109e+002    1.46671013846291e-007
 1.89032994724181e+002    1.51091210450929e-007
 2.11506803000685e+002    1.54417126054748e-007
 2.36651759750969e+002    1.57504174785629e-007
 2.64785261085346e+002    1.60335250091009e-007
 2.96260594329595e+002    1.62250848312638e-007
 3.32001139964024e+002    1.63864651361462e-007
 3.71465366767816e+002    1.65494505853515e-007
 4.16274711065500e+002    1.66150977763571e-007
 4.66486489129702e+002    1.66150977763571e-007
 5.22754899003016e+002    1.66150977763571e-007
 5.85810502125117e+002    1.66150977763571e-007
 6.56471981524370e+002    1.66150977763571e-007
 7.35656771196787e+002    1.66150977763571e-007
 8.24392967619125e+002    1.66150977763571e-007
 9.23832678049353e+002    1.66150977763571e-007
 1.03526697892230e+003    1.66150977763571e-007
 1.16014267855293e+003    1.66150977763571e-007
 1.30008110178600e+003    1.66150977763571e-007
 1.45689914048273e+003    1.66150977763571e-007
 1.63263284315374e+003    1.66150977763571e-007
 1.82956385001440e+003    1.66150977763571e-007
 2.05024901668251e+003    1.66150977763571e-007
 2.29755361113771e+003    1.66150977763571e-007
 2.57468851495583e+003    1.66150977763571e-007
 2.88525191182062e+003    1.66150977763571e-007
 3.23327600457617e+003    1.66150977763571e-007
 3.62327936737123e+003    1.66150977763571e-007
 4.06032561261003e+003    1.66150977763571e-007
 4.55008913441255e+003    1.66150977763571e-007
 5.09892878216504e+003    1.66150977763571e-007
 5.71397042070204e+003    1.66150977763571e-007
 6.40319944904086e+003    1.66150977763571e-007
 7.17556447888642e+003    1.66150977763571e-007
 8.04109351901714e+003    1.66150977763571e-007
 9.01102417403318e+003    1.66150977763571e-007
 1.00979495479037e+004    1.66150977763571e-007
 1.13159817466530e+004    1.66150977763571e-007
 1.26809351030247e+004    1.66150977763571e-007
 1.42105315020224e+004    1.66150977763571e-007
 1.59246304731742e+004    1.66150977763571e-007
 1.78454870369245e+004    1.66150977763571e-007
 1.99980406529059e+004    1.66150977763571e-007
 2.24102390216523e+004    1.66150977763571e-007
 2.51134009438376e+004    1.66150977763571e-007
 2.81426229482241e+004    1.66150977763571e-007
 3.15372349677815e+004    1.66150977763571e-007
 3.53413109802483e+004    1.66150977763571e-007
 3.96042412430452e+004    1.66150977763571e-007
 4.43813735521563e+004    1.66150977763571e-007
 4.97347318507694e+004    1.66150977763571e-007
 5.57338215177381e+004    1.66150977763571e-007
 6.24565317913346e+004    1.66150977763571e-007
 6.99901470449231e+004    1.66150977763571e-007
 7.84324800444589e+004    1.66150977763571e-007
 8.78931419014740e+004    1.66150977763571e-007
 9.84949652099952e+004    1.66150977763571e-007
 1.10375598844709e+005    1.66150977763571e-007
 1.23689295126446e+005    1.66150977763571e-007
 1.38608912558669e+005    1.66150977763571e-007
 1.55328160137514e+005    1.66150977763571e-007
 1.74064112374397e+005    1.66150977763571e-007
 1.95060027685021e+005    1.66150977763571e-007

Line #4 T=300
 1.15320763605169e+000    3.43386617331523e-010
 1.45030510797646e+000    8.82757452411747e-010
 1.51631389178585e+000    1.01797460485878e-009
 1.58029565252566e+000    1.16234270157416e-009
 1.63918553191248e+000    1.32981461765283e-009
 1.69758792152888e+000    1.52443065145440e-009
 1.77482431679695e+000    1.74062381646522e-009
 1.47111201612193e+000    8.88015147589059e-010
 2.29266125370139e+000    4.18344914411209e-009
 2.39697213419305e+000    4.77674153840011e-009
 2.50602125589084e+000    5.44338850207740e-009
 2.61176430373329e+000    6.21536418199756e-009
 2.72627803480673e+000    7.09682064767476e-009
 2.87747022956923e+000    8.05530701627859e-009
 4.00329271763416e+000    1.76054840042100e-008
 4.23867945367768e+000    1.99437387428571e-008
 4.48789279517196e+000    2.25478700567301e-008
 4.75175864583979e+000    2.54920328956511e-008
 5.05503781881683e+000    2.87067545692902e-008
 5.40323565681269e+000    3.22629490201957e-008
 8.65217985520747e+000    6.33648293995781e-008
 9.43991036800741e+000    6.94053022586727e-008
 1.03973458127732e+001    7.49755062409184e-008
 1.14699461915339e+001    8.06727465309167e-008
 1.26732266943307e+001    8.68029088317072e-008
 1.40246485019057e+001    9.22961854861956e-008
 1.56675976405493e+001    9.58334892020242e-008
 2.94573875022073e+001    1.12276828200270e-007
 3.29592232309402e+001    1.14068943424931e-007
 3.69353869344741e+001    1.15203512584906e-007
 4.13911039323817e+001    1.16119287609652e-007
 4.63841964435765e+001    1.16810893006797e-007
 5.19796157945212e+001    1.17506617599256e-007
 5.82502001003318e+001    1.18440700451639e-007
 1.07096810750225e+002    1.20331200797091e-007
 1.31547993782859e+002    1.21528056534577e-007
 1.47178953371519e+002    1.19618752618894e-007
 1.64931429551503e+002    1.19382208509452e-007
 1.84826310270363e+002    1.19618752618894e-007
 2.07120380568235e+002    1.19618752618894e-007
 1.20013178057461e+002    1.19146132162083e-007
 3.98668870182859e+002    1.19618752618894e-007
 4.46757001166098e+002    1.19618752618894e-007
 5.00645605962103e+002    1.19618752618894e-007
 5.61034347788486e+002    1.19618752618894e-007
 6.28709207933622e+002    1.19855765417234e-007
 7.04543048182539e+002    1.19618752618894e-007
 7.89511760542961e+002    1.18206485920918e-007
 1.47703224538662e+003    1.19382208509452e-007
 1.65519950204464e+003    1.19618752618894e-007
 1.85485253846357e+003    1.19618752618894e-007
 2.07858807061916e+003    1.19618752618894e-007
 2.32931097094064e+003    1.19618752618894e-007
 2.61027650261085e+003    1.19618752618894e-007
 5.39495597433432e+003    1.19618752618894e-007
 6.04570492652515e+003    1.19618752618894e-007
 6.77494834665826e+003    1.19618752618894e-007
 7.59215437367849e+003    1.19618752618894e-007
 8.50793320988149e+003    1.19618752618894e-007
 9.53417487857704e+003    1.19618752618894e-007
 1.06841382237021e+004    1.19146132162083e-007
 1.97052453792383e+004    1.19146132162083e-007
 2.20822613911255e+004    1.19618752618894e-007
 2.47458620823344e+004    1.19618752618894e-007
 2.77307509114087e+004    1.19618752618894e-007
 3.10756822111104e+004    1.19618752618894e-007
 3.48240849290752e+004    1.19618752618894e-007
 3.90246264879702e+004    1.19618752618894e-007
 7.30066054714655e+004    1.19382208509452e-007
 8.18130392208929e+004    1.19618752618894e-007
 9.16814699924919e+004    1.19618752618894e-007
 1.02740248009729e+005    1.19618752618894e-007
 1.15132955023136e+005    1.19618752618894e-007
 1.29020491863172e+005    1.19618752618894e-007
 1.44582725158507e+005    1.19382208509452e-007

Line #5 T=100
 5.28886402610610e+000    3.14122211283389e-010
 6.55072602188421e+000    4.17724308294080e-010
 8.22975472694931e+000    5.45687376352033e-010
 8.96480741312880e+000    5.96524968802636e-010
 1.12619735775404e+001    7.51984514777735e-010
 1.23261291067561e+001    8.18793329941722e-010
 1.35762554694548e+001    8.82757452411747e-010
 1.50004571917579e+001    9.47958157729016e-010
 1.96337099437912e+001    1.13281399921115e-009
 2.88425902471593e+001    1.32981461765283e-009
 3.22213220754155e+001    1.37805004727215e-009
 3.59956312785569e+001    1.42239283928685e-009
 4.02750900964545e+001    1.45370345308646e-009
 5.55289441378573e+001    1.53351014623793e-009
 8.27229591756794e+001    1.53351014623793e-009
 9.27011460713269e+001    1.53351014623793e-009
 1.03882919186769e+002    1.53351014623793e-009
 1.16413457180576e+002    1.53351014623793e-009
 1.59226574334562e+002    1.53351014623793e-009
 2.37204103425070e+002    1.53351014623793e-009
 2.65816074031239e+002    1.53351014623793e-009
 2.97879270185987e+002    1.53351014623793e-009
 3.33809984704341e+002    1.53351014623793e-009
 4.69760447982770e+002    1.53351014623793e-009
 6.80171348345982e+002    1.53351014623793e-009
 7.62214796773006e+002    1.53351014623793e-009
 8.54154468329933e+002    1.53351014623793e-009
 9.57184062624889e+002    1.53351014623793e-009
 1.34701547186760e+003    1.53351014623793e-009
 1.97832140465987e+003    1.53351014623793e-009
 2.21694996572759e+003    1.53351014623793e-009
 2.48436231795438e+003    1.53351014623793e-009
 3.75408377219154e+003    1.53351014623793e-009
 5.67274139797619e+003    1.53351014623793e-009
 6.35699731004375e+003    1.53351014623793e-009
 7.12378935770292e+003    1.53351014623793e-009
 1.06125002980497e+004    1.53351014623793e-009
 1.60363948782200e+004    1.53351014623793e-009
 1.79707326584662e+004    1.53351014623793e-009
 2.01383936186730e+004    1.53351014623793e-009
 3.13096787710455e+004    1.53351014623793e-009
 4.59835903739880e+004    1.53351014623793e-009
 5.15302108461850e+004    1.53351014623793e-009
 5.77458743055083e+004    1.53351014623793e-009
 8.60255795766479e+004    1.53351014623793e-009
 1.31855731898604e+005    1.53351014623793e-009
 1.47760399106561e+005    1.53351014623793e-009
 1.65583514874574e+005    1.53351014623793e-009
