Generated by GetData Graph Digitizer 2.26.0.20 on April 14 2016, 13:10
from file 'C:\Users\abayless\Dropbox\Proposals\KathyIR&D2016\digiplots\agundez2008 Figure1 UV HCN.jpg'

Line #1 T=1000
 1.61684091422266e-001    3.03127095507863e-010
 1.71209694115388e-001    3.68749246200141e-010
 1.81301488794077e-001    4.56640543233817e-010
 2.21505843629625e-001    8.67170407000686e-010
 3.30628940179437e-001    3.07204424384453e-009
 4.86521686571614e-001    1.06908820881145e-008
 7.47196104790610e-001    3.85543602404032e-008
 9.25978273905662e-001    7.32155757010880e-008
 1.14750618921725e+000    1.36582959353161e-007
 1.52739975761356e+000    3.09953067022493e-007
 1.97539567066271e+000    5.78214495333016e-007
 2.55465090310115e+000    1.04089787947974e-006
 3.16459681463541e+000    1.51315684171008e-006
 4.33201046234255e+000    2.58221418815213e-006
 5.44310539853343e+000    3.68749246200141e-006
 7.03669539198679e+000    5.26586861760212e-006
 9.22650591893031e+000    7.12849855269449e-006
 1.20971164564058e+001    9.31219848908241e-006
 1.60891371931232e+001    1.26060861507129e-005
 2.13973372616883e+001    1.64677562235794e-005
 3.28157443995165e+001    2.39392340868034e-005
 4.55453894360377e+001    3.07204424384453e-005
 7.49906469263542e+001    4.01311518189339e-005
 1.25232279612213e+002    4.96964025175267e-005
 1.78772086077095e+002    5.14990051466049e-005
 2.55187391920844e+002    5.14990051466049e-005
 4.44602644717347e+002    5.14990051466049e-005
 9.18860360310330e+002    4.96964025175267e-005
 1.92634153000199e+003    4.96964025175267e-005
 5.60257769025824e+003    4.79568957915461e-005
 9.76114391692155e+003    4.79568957915461e-005
 2.39333023782220e+004    4.88189020436526e-005
 4.94643220021166e+004    4.79568957915461e-005
 1.02236367371460e+005    4.88189020436526e-005
 1.78117372553653e+005    4.79568957915461e-005

Line #2 T=750
 2.93994508107109e-001    3.08575685271605e-010
 3.29619963357117e-001    4.25232737675572e-010
 3.64398990067971e-001    6.52098717738022e-010
 3.97121953761963e-001    9.49836443622769e-010
 4.39009852965035e-001    1.42803508667894e-009
 4.52500399677845e-001    1.64026911873819e-009
 4.65668365373111e-001    1.88404529201253e-009
 5.28897324782465e-001    3.12726302523631e-009
 5.50344967349126e-001    3.57784333189545e-009
 5.68152996462835e-001    4.10145441991754e-009
 6.48352856762265e-001    6.71418552836443e-009
 6.74644614495451e-001    7.68157450393938e-009
 6.97577221935593e-001    8.80575944179681e-009
 8.07481826568817e-001    1.46743613473751e-008
 8.36248963402128e-001    1.67886632729151e-008
 8.74296392145421e-001    1.91696139877342e-008
 1.02168125170679e+000    3.16932749267075e-008
 1.06311208010563e+000    3.62596850496390e-008
 1.11323729995118e+000    4.13201240011534e-008
 1.30292114207907e+000    6.69759314394248e-008
 1.36220109515633e+000    7.64743881803876e-008
 1.42417815147594e+000    8.73199061494803e-008
 1.72037856481900e+000    1.39589510127179e-007
 1.81003456768441e+000    1.57504174785629e-007
 1.91645562824407e+000    1.78070105723322e-007
 2.02913371965431e+000    2.01321410022765e-007
 2.40840263316755e+000    2.83537965351674e-007
 2.51376147864921e+000    3.04480156521678e-007
 2.69114960001067e+000    3.40847127989160e-007
 2.86291119100883e+000    3.83830308429482e-007
 3.54615323331863e+000    5.27891409745449e-007
 3.84466716772519e+000    5.83965616668572e-007
 4.14207148779134e+000    6.51131342638530e-007
 4.50495073399214e+000    7.17450532349403e-007
 5.66872074007070e+000    9.52189535408408e-007
 6.15562161693371e+000    1.05125100976466e-006
 6.70548158833862e+000    1.15603272106995e-006
 9.33742476942689e+000    1.62491901722682e-006
 1.02197276916107e+001    1.76928224831069e-006
 1.12562210543065e+001    1.90749855061379e-006
 1.24370421907559e+001    2.04838691190930e-006
 1.58220291444598e+001    2.49182979973229e-006
 1.75645423387426e+001    2.63383683672786e-006
 1.90416628830207e+001    2.77293722978469e-006
 2.11721583097460e+001    2.92516838130039e-006
 1.71255008936786e+001    2.62343039842544e-006
 2.96127159342143e+001    3.31367169238691e-006
 3.31330167984875e+001    3.36656311784526e-006
 3.70142324337545e+001    3.48177729281616e-006
 5.78210515101401e+001    3.49558856091849e-006
 6.47945359133069e+001    3.46116264031771e-006
 7.24923022588668e+001    3.36656311784526e-006
 1.12868862496378e+002    3.08575685271605e-006
 1.26279920735195e+002    3.03127095507863e-006
 1.41284478537195e+002    2.97774712709965e-006
 2.08140554203331e+002    2.82277968078826e-006
 2.32871777966395e+002    2.77293722978469e-006
 2.60541561354036e+002    2.72397485806571e-006
 4.06342924758090e+002    2.67587702587493e-006
 4.55356713521975e+002    2.67587702587493e-006
 5.10282630546543e+002    2.67587702587493e-006
 7.71066508517353e+002    2.64428455455430e-006
 8.64079176043269e+002    2.65477371564945e-006
 9.68302943361464e+002    2.64952394443390e-006
 1.50545471453425e+003    2.66003388877055e-006
 1.68703495210155e+003    2.64952394443390e-006
 1.89052803575453e+003    2.64952394443390e-006
 2.98137518048362e+003    2.63905552548173e-006
 3.34102449331793e+003    2.65477371564945e-006
 3.74401321130843e+003    2.64952394443390e-006
 5.42099813872416e+003    2.64952394443390e-006
 6.07488834197802e+003    2.64952394443390e-006
 6.80765191632883e+003    2.64952394443390e-006
 1.05840639935084e+004    2.65477371564945e-006
 1.18606958734614e+004    2.64952394443390e-006
 1.32913535931217e+004    2.64952394443390e-006
 1.98004257765479e+004    2.64428455455430e-006
 2.21889232657812e+004    2.65477371564945e-006
 2.48653136239933e+004    2.64952394443390e-006
 2.78647814046434e+004    2.66003388877055e-006
 3.81125498297036e+004    2.66003388877055e-006
 4.27094903989282e+004    2.64952394443390e-006
 4.78611832501634e+004    2.64952394443390e-006
 5.36342822335151e+004    2.64952394443390e-006
 7.44112408435151e+004    2.65477371564945e-006
 8.33865987349594e+004    2.64952394443390e-006
 9.34448349859472e+004    2.64952394443390e-006
 1.39208131698471e+005    2.66003388877055e-006
 1.55998703597492e+005    2.64952394443390e-006
 1.74815537950199e+005    2.64952394443390e-006
 1.95902091517822e+005    2.64952394443390e-006

Line #3 T=500
 4.58868672554696e-001    4.98195186574946e-010
 4.40987326573820e-001    4.36317144254739e-010
 4.25812060603075e-001    3.78361315564759e-010
 4.05997780535300e-001    3.32681613107375e-010
 4.74437565212141e-001    5.48937485290936e-010
 4.57392776536316e-001    4.79806336295641e-010
 4.92117529684146e-001    6.28029144183425e-010
 5.13694597098009e-001    7.17095582378247e-010
 5.40471949430257e-001    8.15558231187064e-010
 5.59728374497974e-001    9.34913745994082e-010
 5.83321458788778e-001    1.03832556781404e-009
 5.57936610084052e-001    9.09360946800616e-010
 6.35594716748278e-001    1.35371750994056e-009
 6.64510799930233e-001    1.54264371840796e-009
 6.94744532246786e-001    1.76141984157794e-009
 7.27499174839789e-001    2.00327611224549e-009
 7.63003980753617e-001    2.27834107869382e-009
 6.07935052460115e-001    1.18557981686972e-009
 7.98979249019317e-001    2.59630870372073e-009
 8.37975125912769e-001    2.95865221763923e-009
 8.80262816905183e-001    3.36489755147142e-009
 9.26148266599233e-001    3.82692344317943e-009
 9.71347925362111e-001    4.35238898537998e-009
 1.01714650974134e+000    4.95981287016021e-009
 1.06679050252984e+000    5.65200945725194e-009
 1.12417236233390e+000    6.41536170876628e-009
 1.18464437358688e+000    7.29623940824512e-009
 1.24836932386195e+000    8.29806828034122e-009
 1.31968227990544e+000    9.40016791438055e-009
 1.39286838115437e+000    1.06697410451984e-008
 1.46778972511399e+000    1.21107808933318e-008
 1.54918473533438e+000    1.37192621373452e-008
 1.63509843791255e+000    1.55721659091570e-008
 1.73123941774017e+000    1.76403675399317e-008
 1.83303332205716e+000    1.99832553004646e-008
 1.94081253311446e+000    2.26373113541768e-008
 2.05492897666850e+000    2.56438632065130e-008
 2.17575527110573e+000    2.90497272341937e-008
 2.30368594413374e+000    3.29079376841601e-008
 2.43521668846053e+000    3.66203364168956e-008
 2.43913872101173e+000    3.72785724937848e-008
 2.57839535880497e+000    4.14019957645922e-008
 2.72991705668456e+000    4.59815153484511e-008
 2.73431371822567e+000    4.68080149176473e-008
 2.89042264790314e+000    5.19855001339577e-008
 3.10418545063463e+000    5.80795457255761e-008
 3.34959348069007e+000    6.46315950827519e-008
 3.57467036881411e+000    7.27820862720925e-008
 4.18913571965271e+000    9.73631428071740e-008
 4.49894556462649e+000    1.08776622136626e-007
 4.81643652389692e+000    1.22010125440655e-007
 5.17263874618210e+000    1.36312868804833e-007
 5.56396076202081e+000    1.51991108295293e-007
 5.98488718821837e+000    1.69472605216071e-007
 6.61343313377143e+000    1.95045258198758e-007
 6.13860168769954e+000    1.75272480550842e-007
 7.62710493255659e+000    2.29418033136240e-007
 6.99064727083306e+000    2.09451353971275e-007
 8.29530153340675e+000    2.52784775091870e-007
 9.03626392050511e+000    2.77430978598768e-007
 1.04369606617675e+001    3.09953067022493e-007
 9.44603504129593e+000    2.88634448241332e-007
 1.08930064539690e+001    3.22469873164854e-007
 1.20356513293231e+001    3.44919383789759e-007
 1.32981563476681e+001    3.68931770730370e-007
 1.48093490387894e+001    3.87648017417856e-007
 1.65181266288047e+001    4.03302371582185e-007
 1.84239025194071e+001    4.17104622833422e-007
 2.06143517339302e+001    4.27130838662495e-007
 2.30650154966849e+001    4.34808346710451e-007
 2.58067808278298e+001    4.40003199964714e-007
 2.89199049498630e+001    4.42623854931869e-007
 3.24082740733764e+001    4.42623854931869e-007
 3.63174163343871e+001    4.42623854931869e-007
 4.06979616068306e+001    4.41748573562599e-007
 4.56070203642962e+001    4.41748573562599e-007
 5.11086873942669e+001    4.44379623958671e-007
 5.71836868595181e+001    4.47912083620677e-007
 6.40818705631277e+001    4.50579843825338e-007
 7.18115370000311e+001    4.50579843825338e-007
 8.04735692168462e+001    4.50579843825338e-007
 9.01804307920011e+001    4.50579843825338e-007
 1.01058150855927e+002    4.50579843825338e-007
 1.13247960391481e+002    4.50579843825338e-007
 1.26908125907771e+002    4.50579843825338e-007
 1.42216004294892e+002    4.50579843825338e-007
 1.59370345538814e+002    4.50579843825338e-007
 1.78593873193731e+002    4.50579843825338e-007
 2.00136176115464e+002    4.50579843825338e-007
 2.24276949000767e+002    4.50579843825338e-007
 2.51329623806109e+002    4.50579843825338e-007
 2.81645439194486e+002    4.50579843825338e-007
 3.15618000845974e+002    4.50579843825338e-007
 3.53688391840856e+002    4.50579843825338e-007
 3.96350899466026e+002    4.50579843825338e-007
 4.44159432798725e+002    4.50579843825338e-007
 4.97734714390361e+002    4.50579843825338e-007
 5.57772339423713e+002    4.50579843825338e-007
 6.25051806979664e+002    4.50579843825338e-007
 7.00446640670996e+002    4.50579843825338e-007
 7.84935730044607e+002    4.50579843825338e-007
 8.79616040003336e+002    4.50579843825338e-007
 9.85716853260305e+002    4.50579843825338e-007
 1.10461573074283e+003    4.50579843825338e-007
 1.23785639716793e+003    4.50579843825338e-007
 1.38716878400703e+003    4.50579843825338e-007
 1.55449149006782e+003    4.50579843825338e-007
 1.74199695131044e+003    4.50579843825338e-007
 1.95211964669068e+003    4.50579843825338e-007
 2.18758770624085e+003    4.50579843825338e-007
 2.45145833177221e+003    4.50579843825338e-007
 2.74715749008407e+003    4.50579843825338e-007
 3.07852439403661e+003    4.50579843825338e-007
 3.44986134900785e+003    4.50579843825338e-007
 3.86598961191688e+003    4.50579843825338e-007
 4.33231198805934e+003    4.50579843825338e-007
 4.85488297848178e+003    4.50579843825338e-007
 5.44048738865418e+003    4.50579843825338e-007
 6.09672841905683e+003    4.50579843825338e-007
 6.83212638140680e+003    4.50579843825338e-007
 7.65622932220686e+003    4.50579843825338e-007
 8.57973698989891e+003    4.50579843825338e-007
 9.61463975515057e+003    4.50579843825338e-007
 1.07743742879479e+004    4.50579843825338e-007
 1.20739980127288e+004    4.50579843825338e-007
 1.35303846065985e+004    4.50579843825338e-007
 1.51624430788771e+004    4.50579843825338e-007
 1.69913632764048e+004    4.50579843825338e-007
 1.90408910021205e+004    4.50579843825338e-007
 2.13376363189233e+004    4.50579843825338e-007
 2.39114190416788e+004    4.50579843825338e-007
 2.67956559030719e+004    4.50579843825338e-007
 3.00277944200765e+004    4.50579843825338e-007
 3.36497990941513e+004    4.50579843825338e-007
 3.77086962577472e+004    4.50579843825338e-007
 4.22571846411467e+004    4.50579843825338e-007
 4.73543195869334e+004    4.50579843825338e-007
 5.30662797956000e+004    4.50579843825338e-007
 5.94672265573414e+004    4.50579843825338e-007
 6.66402666258767e+004    4.50579843825338e-007
 7.46785312357853e+004    4.50579843825338e-007
 8.36863852727838e+004    4.50579843825338e-007
 9.37807822962222e+004    4.50579843825338e-007
 1.05092783006744e+005    4.50579843825338e-007
 1.17769256874150e+005    4.50579843825338e-007
 1.31974789018572e+005    4.50579843825338e-007
 1.48129287986278e+005    4.53263493184969e-007
 1.66260176370057e+005    4.54161590235415e-007
 1.85428231244124e+005    4.47026344866436e-007

Line #4 T=300
 2.77729271559696e-001    3.14122211283389e-010
 3.02610052519441e-001    4.03102842613001e-010
 3.29647192473936e-001    4.48577539217854e-010
 4.44985372315289e-001    8.98624668804989e-010
 5.35712678855151e-001    1.23834976732664e-009
 6.54184869749267e-001    1.70650795540392e-009
 1.15664209257523e+000    2.31012970008316e-009
 1.27783366603984e+000    2.30556145672133e-009
 1.42737116043397e+000    2.22926899492920e-009
 1.59955782797252e+000    2.24254650033179e-009
 1.77850418465763e+000    2.34700301288352e-009
 1.95579759145742e+000    2.54038806945783e-009
 2.12378603292637e+000    2.80467850559415e-009
 3.27379037186897e+000    5.14990051466049e-009
 3.54377806453598e+000    5.70822629795850e-009
 3.88482061542644e+000    6.26477131516445e-009
 4.24520731792306e+000    6.84841298385333e-009
 4.68314706323076e+000    7.36881032867130e-009
 5.17441147753872e+000    7.89742469134780e-009
 5.71722726019663e+000    8.48073062511148e-009
 1.03992545755061e+001    1.07120650199287e-008
 1.16174276654802e+001    1.10786649291844e-008
 1.29987627733098e+001    1.14125405588655e-008
 1.45442078643581e+001    1.16868712388372e-008
 1.62731944128668e+001    1.18734121325505e-008
 1.82364859105586e+001    1.20390762670434e-008
 2.04046528445927e+001    1.23284673944207e-008
 3.79351748208562e+001    1.30052864611192e-008
 4.25109814415754e+001    1.30052864611192e-008
 4.76391670397714e+001    1.30827458263382e-008
 5.33017643211112e+001    1.31867431057097e-008
 5.97314811206092e+001    1.32390513463330e-008
 6.69363960331610e+001    1.32390513463330e-008
 7.50103802860880e+001    1.32390513463330e-008
 1.42565817292183e+002    1.32390513463330e-008
 1.59762353586914e+002    1.32390513463330e-008
 1.79033165932895e+002    1.32390513463330e-008
 2.00628457107187e+002    1.32390513463330e-008
 2.24828609780032e+002    1.32390513463330e-008
 2.51947826865937e+002    1.32390513463330e-008
 2.82338210980238e+002    1.32390513463330e-008
 5.20729291479808e+002    1.32390513463330e-008
 5.83540562307161e+002    1.32390513463330e-008
 6.53928237626250e+002    1.32390513463330e-008
 7.32806196495188e+002    1.32390513463330e-008
 8.21198551650048e+002    1.32390513463330e-008
 9.20252946082400e+002    1.32390513463330e-008
 1.03125545347312e+003    1.32390513463330e-008
 1.95692133429303e+003    1.32390513463330e-008
 2.19296858173479e+003    1.32390513463330e-008
 2.45748825780636e+003    1.32390513463330e-008
 2.75391475626098e+003    1.32390513463330e-008
 3.08609673338653e+003    1.32390513463330e-008
 3.45834707707142e+003    1.32390513463330e-008
 7.14776009595397e+003    1.32390513463330e-008
 8.00993532316282e+003    1.32390513463330e-008
 8.97610762252206e+003    1.32390513463330e-008
 1.00588213013541e+004    1.32390513463330e-008
 1.12721337831003e+004    1.32390513463330e-008
 1.26317981220131e+004    1.32390513463330e-008
 1.41554675330875e+004    1.32390513463330e-008
 2.64818881868154e+004    1.32390513463330e-008
 2.96761794973633e+004    1.32390513463330e-008
 3.32557717692574e+004    1.32390513463330e-008
 3.72671406731180e+004    1.32390513463330e-008
 4.17623678556108e+004    1.32390513463330e-008
 4.67998171420065e+004    1.32390513463330e-008
 9.81133099774801e+004    1.32390513463330e-008
 1.09947907695712e+005    1.32390513463330e-008
 1.23210015128829e+005    1.32390513463330e-008
 1.38071820975983e+005    1.32390513463330e-008
 1.54726283636039e+005    1.32390513463330e-008
 1.73389636484800e+005    1.32390513463330e-008

Line #5 T=100
 5.28915528903462e+000    3.19768433908573e-010
 6.18694432198028e+000    3.62238158437457e-010
 8.11097330076261e+000    4.40656905463850e-010
 1.17475255281899e+001    5.36052052524175e-010
 1.31236757998963e+001    5.55495891318384e-010
 1.46610784555385e+001    5.76785586771528e-010
 1.64041089080651e+001    5.89482157123808e-010
 2.26168205845227e+001    6.18162299124388e-010
 3.41759487017318e+001    6.18162299124388e-010
 3.82974907599681e+001    6.09656054958391e-010
 4.29167379570369e+001    6.07247269405257e-010
 6.57788312497676e+001    5.96524968802636e-010
 9.52418973029807e+001    5.96524968802636e-010
 1.06730140241280e+002    5.96524968802636e-010
 1.19604114979834e+002    5.96524968802636e-010
 1.34030970893230e+002    5.96524968802636e-010
 1.85951595277268e+002    5.96524968802636e-010
 2.77017084758268e+002    5.96524968802636e-010
 3.10431366265476e+002    5.96524968802636e-010
 3.47876136396218e+002    5.96524968802636e-010
 5.33207248359339e+002    5.96524968802636e-010
 8.05721719337983e+002    5.96524968802636e-010
 9.02909271397901e+002    5.96524968802636e-010
 1.01181975464945e+003    5.96524968802636e-010
 1.50733505843754e+003    5.96524968802636e-010
 2.24551751233804e+003    5.96524968802636e-010
 2.51637573161395e+003    5.96524968802636e-010
 2.81990533935430e+003    5.96524968802636e-010
 3.16004721513459e+003    5.96524968802636e-010
 4.32221072191735e+003    5.96524968802636e-010
 6.53122977026260e+003    5.96524968802636e-010
 7.31903803964154e+003    5.96524968802636e-010
 8.20187310965880e+003    5.96524968802636e-010
 1.23937311880890e+004    5.96524968802636e-010
 1.82023029468269e+004    5.96524968802636e-010
 2.03978963170896e+004    5.96524968802636e-010
 2.28583259699712e+004    5.96524968802636e-010
 2.56155369174861e+004    5.96524968802636e-010
 3.60479513766951e+004    5.96524968802636e-010
 5.37016011451266e+004    5.96524968802636e-010
 6.01791814706032e+004    5.96524968802636e-010
 6.74380987763240e+004    5.96524968802636e-010
 1.01904730406677e+005    5.96524968802636e-010
 1.51810213288263e+005    5.96524968802636e-010
 1.80089981322116e+005    5.96524968802636e-010
