Generated by GetData Graph Digitizer 2.26.0.20 on April 14 2016, 11:08
from file 'C:\Users\abayless\Dropbox\Proposals\KathyIR&D2016\digiplots\agundez2008 Figure1 UV CH4.jpg'

Line #1 T=1000
 1.05850120808860e-001    1.70837050712362e-008
 1.15273212119238e-001    2.07933833472363e-008
 1.27332208466941e-001    2.48615545145557e-008
 1.38667698856250e-001    2.97248339528473e-008
 1.53174046370208e-001    3.68320959360082e-008
 1.86898122332476e-001    5.45678130907925e-008
 2.31311662954407e-001    7.80108035998878e-008
 2.90377500727351e-001    1.11528257580217e-007
 3.54309433873483e-001    1.59437750042584e-007
 4.64158883361278e-001    2.23926387163508e-007
 5.99484250318941e-001    3.20154318660774e-007
 7.85347251916730e-001    4.33879973287621e-007
 1.02883487892305e+000    5.57344899421179e-007
 1.40652724210524e+000    7.28897203239988e-007
 1.97831888278416e+000    8.26450712770266e-007
 2.86279416566595e+000    8.12411486422310e-007
 3.96977079251997e+000    7.04750994180229e-007
 5.35050854187333e+000    5.49236999132256e-007
 7.10970943231244e+000    4.13017102139928e-007
 9.58255854960265e+000    3.16184215724959e-007
 1.29154966501488e+001    2.50851216848235e-007
 1.81659978837533e+001    2.09982905672564e-007
 2.59167325443984e+001    1.85446844036996e-007
 3.64525903500518e+001    1.82286546733157e-007
 5.27499706370262e+001    1.82417144113266e-007
 7.41942707212287e+001    1.55448064572351e-007
 1.00000000000000e+002    1.23327902581315e-007
 1.34781296490846e+002    9.61137304982843e-008
 1.84260437825628e+002    7.49068415322190e-008
 2.51903712396758e+002    5.94305123865454e-008
 3.44379298497699e+002    5.06413431434979e-008
 5.05479682119124e+002    4.55319851273269e-008
 7.21148478159032e+002    4.39654761565189e-008
 1.23763502847248e+003    4.40115202221705e-008
 2.51903712396758e+003    4.25265975623898e-008
 5.20055127551089e+003    4.33533519650367e-008
 1.31003817281089e+004    4.26626992875641e-008
 2.66640383893971e+004    4.27214980807978e-008
 4.64158883361278e+004    4.35376479362079e-008
 8.07992644838296e+004    4.35844444865215e-008
 1.64455871191082e+005    4.28723925299497e-008

Line #2 T=750
 1.32879134322869e-001    3.24969976190254e-010
 1.55366729800952e-001    5.07894230869302e-010
 1.55121556429611e-001    5.00890350746746e-010
 1.79096220006175e-001    7.39066651156698e-010
 1.70001469281761e-001    6.50900866825161e-010
 1.62134913130684e-001    5.72122140622880e-010
 2.03536346824042e-001    1.05640398690906e-009
 2.12738633306760e-001    1.20424484139766e-009
 2.12067747143642e-001    1.18999237205507e-009
 2.21655755346656e-001    1.35922159851962e-009
 2.34622884814226e-001    1.53723533251627e-009
 2.70457335692179e-001    2.23692119380445e-009
 2.86279416566595e-001    2.52988497160128e-009
 3.00643712862528e-001    2.87824791944479e-009
 3.69744084567242e-001    4.41049679442896e-009
 3.91374560198038e-001    4.98812814167332e-009
 4.14270444784767e-001    5.64141037109060e-009
 4.37813790995476e-001    6.39289808130957e-009
 5.12715613726503e-001    9.01239413126576e-009
 5.42710096535390e-001    1.01927240592947e-008
 5.79928544547654e-001    1.14367605228143e-008
 6.16770306093160e-001    1.28835175399725e-008
 7.31471704297120e-001    1.74566519559157e-008
 7.86588512240943e-001    1.95099599347583e-008
 7.95332440070182e-001    1.97439317291518e-008
 8.55261190688038e-001    2.20225567877769e-008
 9.18254283565629e-001    2.45154111246368e-008
 1.15273212119238e+000    3.14889165839475e-008
 1.27332208466941e+000    3.36919818113549e-008
 1.28341652503247e+000    3.37593852821950e-008
 1.42666165163308e+000    3.56944526997477e-008
 1.59594467727613e+000    3.62731868156048e-008
 2.15443469003188e+000    3.32613520158986e-008
 2.37605964775680e+000    3.09752312594676e-008
 2.62048298600995e+000    2.88462402586306e-008
 2.86279416566595e+000    2.63878472903752e-008
 3.64525903500518e+000    2.09330319856192e-008
 4.37122907668681e+000    1.72414983338501e-008
 4.77542848564056e+000    1.57408588211198e-008
 5.99484250318941e+000    1.24866125427579e-008
 6.24612146169345e+000    1.20496746076623e-008
 6.81292069057961e+000    1.10008795439088e-008
 7.43115365603914e+000    1.00433708527395e-008
 1.00000000000000e+001    7.58265044039742e-009
 1.10286919290259e+001    7.04748837213255e-009
 1.21057136767832e+001    6.48540468019888e-009
 1.33299503633078e+001    6.01572198811270e-009
 1.76568643383950e+001    5.03506378402338e-009
 1.96275883537019e+001    4.76405638634722e-009
 2.18182694956012e+001    4.52555098931075e-009
 2.42534576945567e+001    4.28196762090230e-009
 3.30003479112529e+001    3.85702339351045e-009
 3.56554728496528e+001    3.72970819318852e-009
 3.67996443451257e+001    3.71517081014748e-009
 3.98232934671467e+001    3.59968106127967e-009
 4.44782967612763e+001    3.46730355801542e-009
 6.08065855452550e+001    3.11704749984087e-009
 6.34554803192687e+001    3.06215641741269e-009
 6.77001840105370e+001    2.97867622048888e-009
 8.43190929286626e+001    2.75267539229148e-009
 7.54944372219119e+001    2.85776924681890e-009
 1.16923345860640e+002    2.43089712803987e-009
 1.30590687578395e+002    2.34150140463437e-009
 1.45855624953843e+002    2.26435709685769e-009
 2.18527537981843e+002    2.03598027827501e-009
 2.44457304001380e+002    2.00039611577448e-009
 2.73463811616221e+002    1.96543388101775e-009
 4.20200717971721e+002    1.89808696546809e-009
 4.70803308555342e+002    1.89850528189443e-009
 5.26667295972243e+002    1.86532386006048e-009
 7.96589482225749e+002    1.86682022711477e-009
 8.92518617299240e+002    1.86723165271340e-009
 1.00000000000000e+003    1.86764316898548e-009
 1.12042480752502e+003    1.86805477595098e-009
 1.55366729800952e+003    1.86923865134850e-009
 1.74076738333024e+003    1.86965060993987e-009
 1.95039896041361e+003    1.87006265932216e-009
 2.94534248881453e+003    1.87155709973069e-009
 3.30003479112529e+003    1.87196956928128e-009
 3.69744084567242e+003    1.87238212973540e-009
 4.14270444784767e+003    1.87279478111308e-009
 5.74459292824590e+003    1.87398166047791e-009
 6.43638442593952e+003    1.87439466437367e-009
 7.21148478159032e+003    1.87480775929072e-009
 1.10461230433337e+004    1.87635767623044e-009
 1.23763502847248e+004    1.87677120377260e-009
 1.38667698856250e+004    1.87718482245146e-009
 2.09405292741152e+004    1.87868495445985e-009
 2.34622884814226e+004    1.87909899490723e-009
 2.62877300558945e+004    1.87951312660435e-009
 2.94534248881453e+004    1.87992734957130e-009
 3.96977079251997e+004    1.88101511925189e-009
 4.44782967612763e+004    1.88142967324067e-009
 4.98345870877938e+004    1.88184431859234e-009
 5.58359076459303e+004    1.88225905532707e-009
 7.63336535342590e+004    1.88340005270580e-009
 8.55261190688038e+004    1.88381513230634e-009
 9.58255854960266e+004    1.88423030338562e-009
 1.07365363185358e+005    1.88464556596381e-009
 1.48881078497792e+005    1.88583995573615e-009
 1.89573565240638e+005    1.88672325204429e-009
