Generated by GetData Graph Digitizer 2.26.0.20 on April 14 2016, 10:02
from file 'C:\Users\abayless\Dropbox\Proposals\KathyIR&D2016\digiplots\agundez2008 Figure4b.jpg'

Line #1 - H2O
 1.06924643584521e-001    3.47833301064936e+017
 1.31364562118126e-001    3.47833301064936e+017
 1.55804480651731e-001    3.39519089476922e+017
 1.80244399185336e-001    3.33011037962253e+017
 2.04684317718941e-001    3.31403611345765e+017
 2.29124236252546e-001    3.34626261175516e+017
 2.53564154786151e-001    3.41165879078927e+017
 2.78004073319756e-001    3.46154328170661e+017
 3.02443991853361e-001    3.44483459589490e+017
 3.26883910386965e-001    3.39519089476922e+017
 3.51323828920570e-001    3.36249318801851e+017
 3.75763747454175e-001    3.34626261175516e+017
 4.00203665987780e-001    3.29803943692291e+017
 4.24304141208418e-001    3.23482116372958e+017
 4.48744059742023e-001    3.15749967805731e+017
 4.72844534962661e-001    3.08202639722975e+017
 4.97284453496266e-001    3.00835714386051e+017
 5.21384928716904e-001    2.96500354334015e+017
 5.45824847250509e-001    2.93644879652921e+017
 5.70264765784114e-001    2.90816904890580e+017
 5.94704684317719e-001    2.85242398310462e+017
 6.19144602851324e-001    2.78424288468292e+017
 6.43245078071962e-001    2.67852670763127e+017
 6.67345553292600e-001    2.57682451590824e+017
 6.91785471826205e-001    2.50309014688638e+017
 7.16225390359810e-001    2.43146564492822e+017
 7.40325865580448e-001    2.33914422640963e+017
 7.64426340801086e-001    2.26124310208782e+017
 7.88866259334691e-001    2.19653891586631e+017
 8.12966734555329e-001    2.11313753655130e+017
 8.37067209775967e-001    2.01332479880256e+017
 8.61167684996606e-001    1.92753074231734e+017
 8.85268160217244e-001    1.84539263847948e+017
 9.09368635437882e-001    1.77532409094990e+017
 9.33469110658520e-001    1.70791600778467e+017
 9.57909029192125e-001    1.64306737260934e+017
 9.82348947725730e-001    1.58068100458587e+017
 1.00678886625933e+000    1.52066341277941e+017
 1.03122878479294e+000    1.48431520422867e+017
 1.05566870332654e+000    1.46292465605465e+017
 1.08010862186015e+000    1.44184236824869e+017
 1.10454854039375e+000    1.41420449839268e+017
 1.12898845892736e+000    1.40058486833146e+017
 1.15342837746096e+000    1.40058486833146e+017
 1.17786829599457e+000    1.38040096264047e+017
 1.20196877121521e+000    1.34090157362539e+017
 1.22640868974881e+000    1.30253243717806e+017
 1.25084860828242e+000    1.26526121176364e+017
 1.27494908350306e+000    1.21721993669556e+017
 1.29904955872369e+000    1.17668254676256e+017
 1.32348947725730e+000    1.14301244443741e+017
 1.34792939579090e+000    1.10494640578525e+017
 1.37202987101154e+000    1.06814809024994e+017
 1.39613034623218e+000    1.03758363971392e+017
 1.42057026476578e+000    1.02759109242211e+017
 1.44501018329939e+000    1.02759109242211e+017
 1.46945010183299e+000    1.02759109242211e+017
 1.49389002036660e+000    1.02759109242211e+017
 1.51832993890020e+000    1.02759109242211e+017
 1.54276985743381e+000    1.02759109242211e+017
 1.56720977596741e+000    1.02759109242211e+017
 1.59164969450102e+000    1.01769477930127e+017
 1.61608961303462e+000    1.00302872377541e+017
 1.64052953156823e+000    9.88574021583634e+016
 1.66496945010183e+000    9.83802227217940e+016
 1.68940936863544e+000    9.79053466050540e+016
 1.71384928716904e+000    9.69624599127178e+016
 1.73828920570265e+000    9.55651285615830e+016
 1.76272912423625e+000    9.46447795602603e+016
 1.78716904276986e+000    9.41879342295236e+016
 1.81160896130346e+000    9.32808484283579e+016
 1.83604887983707e+000    9.23824984027182e+016
 1.86082824168364e+000    9.19365729831316e+016
 1.88526816021724e+000    9.14928000218926e+016
 2.01289884589274e+000    8.55002586285100e+016
 2.03733876442634e+000    8.59149656103623e+016
 2.06177868295995e+000    8.59149656103623e+016
 2.08621860149355e+000    8.63316840701158e+016
 2.11065852002716e+000    8.63316840701158e+016
 2.13509843856076e+000    8.63316840701158e+016
 2.15953835709437e+000    8.67504237641615e+016
 2.18397827562797e+000    8.71711944962123e+016
 2.20841819416157e+000    8.71711944962123e+016
 2.23285811269518e+000    8.67504237641615e+016
 2.25729803122878e+000    8.63316840701158e+016
 2.28173794976239e+000    8.63316840701158e+016
 2.30617786829599e+000    8.63316840701158e+016
 2.33061778682960e+000    8.63316840701158e+016
 2.35505770536320e+000    8.63316840701158e+016
 2.37949762389681e+000    8.63316840701158e+016
 2.40393754243041e+000    8.63316840701158e+016
 2.42837746096402e+000    8.63316840701158e+016
 2.45315682281059e+000    8.71711944962123e+016
 2.47793618465716e+000    8.80188685271671e+016
 2.50135777325187e+000    8.50875534152621e+016
 2.52987101154107e+000    8.46768403081876e+016
 2.55431093007468e+000    8.42681096914956e+016
 2.57875084860828e+000    8.42681096914956e+016
 2.60319076714189e+000    8.42681096914956e+016
 2.62763068567549e+000    8.42681096914956e+016
 2.65207060420910e+000    8.42681096914956e+016
 2.67651052274270e+000    8.50875534152621e+016
 2.70095044127631e+000    8.59149656103623e+016
 2.72539035980991e+000    8.63316840701158e+016
 2.74983027834352e+000    8.63316840701158e+016
 2.77427019687712e+000    8.63316840701158e+016
 2.79871011541073e+000    8.63316840701158e+016
 2.82315003394433e+000    8.63316840701158e+016
 2.84758995247794e+000    8.63316840701158e+016
 2.87202987101154e+000    8.63316840701158e+016
 2.89646978954515e+000    8.63316840701158e+016
 2.92090970807875e+000    8.63316840701158e+016
 2.94534962661236e+000    8.63316840701158e+016
 2.96978954514596e+000    8.63316840701158e+016
 2.99422946367957e+000    8.63316840701158e+016
 2.50543109300747e+000    8.67504237641615e+016

Line #2 - HNC
 1.02172437202987e-001    1.95098887881473e+013
 1.13034623217923e-001    2.67205433456200e+013
 1.24575695858792e-001    3.64195339561170e+013
 1.36456211812627e-001    4.93994474123746e+013
 1.47657841140530e-001    6.70053990143961e+013
 1.58520027155465e-001    9.13269379699188e+013
 1.92803801765105e-001    2.45065908414606e+014
 1.69382213170401e-001    1.25080436446696e+014
 1.80923285811270e-001    1.69659074990103e+014
 1.92464358452139e-001    2.30125529972578e+014
 2.09097080787508e-001    3.15177562790709e+014
 2.26748133061779e-001    4.03391082822973e+014
 2.45078071961982e-001    5.11322036673973e+014
 2.63068567549219e-001    6.54433482570358e+014
 2.81059063136456e-001    8.25529001860446e+014
 3.01086218601494e-001    9.96980421693202e+014
 3.24168363883232e-001    1.10361060598692e+015
 3.48268839103870e-001    1.17526002318998e+015
 3.72708757637475e-001    1.24551989728493e+015
 3.96809232858113e-001    1.31360860202110e+015
 4.20909708078751e-001    1.37207709133079e+015
 4.45349626612356e-001    1.43314800288170e+015
 4.69450101832994e-001    1.48971153371460e+015
 4.93550577053632e-001    1.48971153371460e+015
 5.17311608961303e-001    1.38541950479101e+015
 5.40393754243041e-001    1.23352480021504e+015
 5.63136456211813e-001    1.08245611159026e+015
 5.85879158180584e-001    9.54495972753676e+014
 6.08961303462322e-001    8.53968950376292e+014
 6.32722335369993e-001    7.78960846780081e+014
 6.56483367277665e-001    7.13987436685159e+014
 6.80244399185336e-001    6.57607720154352e+014
 7.04005431093008e-001    6.02756418885755e+014
 7.27766463000679e-001    5.52480284785439e+014
 7.51527494908350e-001    5.06397701480891e+014
 7.75288526816022e-001    4.64158883361278e+014
 7.99049558723693e-001    4.25443220561928e+014
 8.22810590631365e-001    3.89956845404643e+014
 8.46571622539036e-001    3.55705104231530e+014
 8.69993211133741e-001    3.24461854349737e+014
 8.93414799728445e-001    2.97398372006604e+014
 9.16836388323150e-001    2.69967039093337e+014
 9.40597420230821e-001    2.45065908414606e+014
 9.64019008825526e-001    2.23540618720921e+014
 9.87780040733197e-001    2.04895013677914e+014
 1.01154107264087e+000    1.88715565418476e+014
 1.03530210454854e+000    1.74656779471018e+014
 1.05906313645621e+000    1.62429372027327e+014
 1.08282416836388e+000    1.50328834544643e+014
 1.10624575695859e+000    1.37124746983785e+014
 1.13000678886626e+000    1.25080436446696e+014
 1.15376782077393e+000    1.15762291023348e+014
 1.17786829599457e+000    1.07657980940198e+014
 1.20162932790224e+000    9.86781892413814e+013
 1.22505091649695e+000    8.95763429801027e+013
 1.24847250509165e+000    8.13140298112008e+013
 1.27189409368635e+000    7.38138131582972e+013
 1.29531568228106e+000    6.70053990143961e+013
 1.31839782756280e+000    5.99484250318941e+013
 1.34012219959267e+000    5.18484780369596e+013
 1.36150712830957e+000    4.50604619405138e+013
 1.38492871690428e+000    4.27248282642251e+013
 1.40936863543788e+000    4.09041899193328e+013
 1.43346911065852e+000    3.87839896514566e+013
 1.45723014256619e+000    3.58946900460469e+013
 1.48065173116090e+000    3.25838474687050e+013
 1.50441276306857e+000    2.97218551147455e+013
 1.52817379497624e+000    2.72427442722240e+013
 1.55193482688391e+000    2.53355286742402e+013
 1.57569585879158e+000    2.35618338148739e+013
 1.59979633401222e+000    2.18065425785715e+013
 1.62355736591989e+000    2.03782705285590e+013
 1.64765784114053e+000    1.91359146429104e+013
 1.67141887304820e+000    1.79692986560154e+013
 1.69551934826884e+000    1.69556491238816e+013
 1.71961982348948e+000    1.58450980291264e+013
 1.74372029871012e+000    1.48072851542442e+013
 1.76782077393075e+000    1.39045629219491e+013
 1.79192124915139e+000    1.29938500697167e+013
 1.81602172437203e+000    1.22016834288467e+013
 1.84012219959267e+000    1.13474654864611e+013
 1.86388323150034e+000    1.05021107963667e+013
 1.88798370672098e+000    9.81424974445812e+012
 1.91208418194162e+000    9.17144180957596e+012
 1.93618465716225e+000    8.57073612926306e+012
 1.96028513238289e+000    7.97071428606719e+012
 1.98404616429056e+000    7.41269889446220e+012
 2.00814663951120e+000    6.92718631914353e+012
 2.03224711473184e+000    6.44222644630573e+012
 2.05600814663951e+000    5.99121774316766e+012
 2.08010862186015e+000    5.59880850097473e+012
 2.10420909708079e+000    5.18171280406457e+012
 2.12797012898846e+000    4.79568957915461e+012
 2.15207060420910e+000    4.48158433474171e+012
 2.17617107942974e+000    4.16783666448171e+012
 2.19993211133741e+000    3.89485415955468e+012
 2.22403258655805e+000    3.65740540343553e+012
 2.24813306177868e+000    3.43443264807863e+012
 2.27223353699932e+000    3.24069603578717e+012
 2.29633401221996e+000    3.05788812083475e+012
 2.32043448744060e+000    2.88539241455609e+012
 2.34453496266124e+000    2.73583292487216e+012
 2.36863543788187e+000    2.56904359249958e+012
 2.39273591310251e+000    2.40077789218464e+012
 2.41683638832315e+000    2.28737864107075e+012
 2.44093686354379e+000    2.21120147940739e+012
 2.46503733876443e+000    2.14792920577845e+012
 2.48947725729803e+000    2.07639616467537e+012
 2.51357773251867e+000    1.98791444034365e+012
 2.53801765105227e+000    1.91243441807439e+012
 2.56245756958588e+000    1.83093961575231e+012
 2.58655804480652e+000    1.76996336083733e+012
 2.61099796334012e+000    1.71931686519998e+012
 2.63543788187373e+000    1.65403534571428e+012
 2.65987780040733e+000    1.62233006736432e+012
 2.68397827562797e+000    1.64605140483477e+012
 2.70638153428377e+000    1.72765616989276e+012
 2.72878479293958e+000    1.57590801451446e+012
 2.75254582484725e+000    1.48701092107872e+012
 2.77698574338086e+000    1.43748861231170e+012
 2.80142566191446e+000    1.40993419716796e+012
 2.82586558044807e+000    1.38290795719541e+012
 2.85030549898167e+000    1.34985249836594e+012
 2.87474541751527e+000    1.32397793087077e+012
 2.89986422267481e+000    1.32397793087077e+012
 2.92430414120842e+000    1.31122723629430e+012
 2.94602851323829e+000    1.21943057247173e+012
 2.95723014256619e+000    1.24326196566749e+012
 2.97250509164969e+000    1.24326196566749e+012
 2.98778004073320e+000    1.24326196566749e+012

Line #3 - OH
 1.16089613034623e-001    2.52284897370397e+014
 1.46639511201629e-001    2.21387789668195e+014
 1.74134419551935e-001    1.94274623352544e+014
 2.00950441276307e-001    1.68025157235973e+014
 2.26408689748812e-001    1.70481982476718e+014
 2.50509164969450e-001    1.63217212856328e+014
 2.74609640190088e-001    1.56262017754432e+014
 2.98710115410726e-001    1.48881078497792e+014
 3.23150033944331e-001    1.42536790846928e+014
 3.47250509164969e-001    1.36462853103541e+014
 3.71350984385608e-001    1.31918195461270e+014
 3.95790902919212e-001    1.28143431271939e+014
 4.20230821452817e-001    1.24476679814554e+014
 4.44331296673456e-001    1.20331200797091e+014
 4.68431771894094e-001    1.16323779738033e+014
 4.92871690427699e-001    1.12995240891763e+014
 5.16972165648337e-001    1.08704873496798e+014
 5.41412084181942e-001    1.04577409001447e+014
 5.65512559402580e-001    1.01094640539418e+014
 5.71622539035981e-001    9.67866822278978e+013
 5.96062457569586e-001    9.67866822278978e+013
 6.20502376103191e-001    9.67866822278978e+013
 6.44602851323829e-001    9.26622994720621e+013
 6.69042769857434e-001    9.26622994720621e+013
 6.93482688391039e-001    9.17699064405976e+013
 7.17922606924644e-001    9.04474052635896e+013
 7.42362525458248e-001    8.91439627238956e+013
 7.66802443991853e-001    8.82854533669599e+013
 7.91242362525458e-001    8.65931588942300e+013
 8.15682281059063e-001    8.45233345188270e+013
 8.40122199592668e-001    8.29031539979390e+013
 8.64562118126273e-001    8.09215313024058e+013
 8.89002036659878e-001    7.93703917326887e+013
 9.13441955193483e-001    7.82265806451836e+013
 9.37881873727088e-001    7.70992530822692e+013
 9.61982348947726e-001    7.52563602326161e+013
 9.86422267481331e-001    7.38138131582972e+013
 1.01052274270197e+000    7.20494517275853e+013
 1.03496266123557e+000    7.03272635856521e+013
 1.05940257976918e+000    6.83148889076292e+013
 1.08384249830278e+000    6.66819675074910e+013
 1.10828241683639e+000    6.50880776031462e+013
 1.13272233536999e+000    6.38404406508775e+013
 1.15716225390360e+000    6.20136827244414e+013
 1.18126272912424e+000    6.02391964378590e+013
 1.20570264765784e+000    5.85154860678635e+013
 1.23014256619145e+000    5.65667297220778e+013
 1.25424304141208e+000    5.46828733121968e+013
 1.27868295994569e+000    5.23526653276176e+013
 1.30278343516633e+000    4.98798197298242e+013
 1.32688391038697e+000    4.77542848564056e+013
 1.35098438560760e+000    4.61639115739475e+013
 1.37508486082824e+000    4.41967231503461e+013
 1.39918533604888e+000    4.19058599295510e+013
 1.42328581126952e+000    3.93510802364616e+013
 1.47997284453496e+000    3.64195339561170e+013
 1.50407331975560e+000    3.57214282811406e+013
 1.52817379497624e+000    3.41992266783452e+013
 1.55227427019688e+000    3.27418908390718e+013
 1.57671418873048e+000    3.16514791919453e+013
 1.60081466395112e+000    3.07457901035271e+013
 1.62525458248473e+000    3.01564412508271e+013
 1.64969450101833e+000    2.98660167936386e+013
 1.67413441955193e+000    2.97218551147455e+013
 1.69857433808554e+000    2.92935318234108e+013
 1.72301425661914e+000    2.88713811226225e+013
 1.74745417515275e+000    2.85933325584343e+013
 1.79633401221996e+000    2.79098700602508e+013
 1.77189409368635e+000    2.83179617672185e+013
 1.82077393075356e+000    2.73748813725759e+013
 1.84521384928717e+000    2.73748813725759e+013
 1.86965376782077e+000    2.73748813725759e+013
 1.89409368635438e+000    2.68501475838067e+013
 1.91853360488798e+000    2.64632086278930e+013
 1.94297352342159e+000    2.62083521964827e+013
 1.96741344195519e+000    2.60818458705882e+013
 1.99185336048880e+000    2.58306621892501e+013
 2.01629327902240e+000    2.54584150935173e+013
 2.04073319755601e+000    2.52132354211908e+013
 2.06517311608961e+000    2.50915324711870e+013
 2.08961303462322e+000    2.50915324711870e+013
 2.11405295315682e+000    2.50915324711870e+013
 2.13849287169043e+000    2.50915324711870e+013
 2.16293279022403e+000    2.50915324711870e+013
 2.18737270875764e+000    2.50915324711870e+013
 2.21181262729124e+000    2.50915324711870e+013
 2.23625254582485e+000    2.50915324711870e+013
 2.26069246435845e+000    2.50915324711870e+013
 2.28513238289206e+000    2.50915324711870e+013
 2.30957230142566e+000    2.50915324711870e+013
 2.33401221995927e+000    2.50915324711870e+013
 2.35845213849287e+000    2.50915324711870e+013
 2.38289205702648e+000    2.50915324711870e+013
 2.40733197556008e+000    2.50915324711870e+013
 2.43177189409369e+000    2.50915324711870e+013
 2.45621181262729e+000    2.50915324711870e+013
 2.48065173116090e+000    2.50915324711870e+013
 2.50509164969450e+000    2.50915324711870e+013
 2.52953156822811e+000    2.50915324711870e+013
 2.55397148676171e+000    2.50915324711870e+013
 2.57841140529532e+000    2.50915324711870e+013
 2.60285132382892e+000    2.50915324711870e+013
 2.62729124236253e+000    2.50915324711870e+013
 2.65173116089613e+000    2.50915324711870e+013
 2.67617107942973e+000    2.50915324711870e+013
 2.70061099796334e+000    2.50915324711870e+013
 2.72505091649695e+000    2.50915324711870e+013
 2.74949083503055e+000    2.50915324711870e+013
 2.77393075356416e+000    2.50915324711870e+013
 2.79837067209776e+000    2.53355286742402e+013
 2.82281059063136e+000    2.55818975560915e+013
 2.84725050916497e+000    2.55818975560915e+013
 2.87169042769857e+000    2.57059789529868e+013
 2.89613034623218e+000    2.60818458705882e+013
 2.92057026476578e+000    2.62083521964827e+013
 2.94501018329939e+000    2.62083521964827e+013
 2.96945010183299e+000    2.62083521964827e+013
 2.99389002036660e+000    2.62083521964827e+013

Line #4 - CO2
 1.13034623217923e-001    3.55490028415833e+013
 1.40529531568228e-001    5.49481048999612e+013
 1.68024439918534e-001    9.26622994720621e+013
 1.95519348268839e-001    1.49603205234121e+014
 2.26069246435845e-001    2.63514054063038e+014
 2.59674134419552e-001    4.07313756444736e+014
 2.90224032586558e-001    6.57607720154352e+014
 3.20773930753564e-001    8.91978959117906e+014
 3.63543788187373e-001    1.44009928574746e+015
 3.94093686354379e-001    1.95335033722833e+015
 4.09368635437882e-001    2.32503909605810e+015
 4.33808553971487e-001    3.15368249071585e+015
 4.58248472505092e-001    4.44648479067008e+015
 4.76578411405295e-001    5.58190246028126e+015
 4.97963340122200e-001    7.87011516400650e+015
 5.27494908350306e-001    9.69038319090437e+015
 5.50577053632043e-001    1.09364344734558e+016
 5.83842498302783e-001    1.42709316025133e+016
 6.04887983706721e-001    1.69864428723500e+016
 6.28309572301426e-001    1.88943984946939e+016
 6.62932790224033e-001    2.33772987124141e+016
 6.91106585200272e-001    2.71604826726019e+016
 7.13849287169043e-001    3.09510275786100e+016
 7.45417515274949e-001    3.61342979900657e+016
 7.75627970128988e-001    4.53612541921880e+016
 7.98370672097760e-001    5.11940936011984e+016
 8.30957230142566e-001    5.34727337607067e+016
 8.67617107942974e-001    5.77769567072426e+016
 8.92057026476578e-001    5.97674060681410e+016
 9.16496945010183e-001    6.06413113464791e+016
 9.59266802443992e-001    6.36476694411915e+016
 9.83706720977597e-001    6.45783110389741e+016
 1.00780719619823e+000    6.84389579710014e+016
 1.04786150712831e+000    6.74526803776115e+016
 1.07230142566191e+000    6.77798501189193e+016
 1.09674134419552e+000    6.94396566887377e+016
 1.14256619144603e+000    6.94396566887377e+016
 1.19450101832994e+000    6.94396566887377e+016
 1.22810590631365e+000    7.14851640298967e+016
 1.25254582484725e+000    7.04549873931869e+016
 1.28309572301426e+000    6.94396566887377e+016
 1.32892057026477e+000    6.94396566887377e+016
 1.37474541751527e+000    7.25304036726773e+016
 1.41140529531568e+000    7.25304036726773e+016
 1.42973523421589e+000    7.25304036726773e+016
 1.46334012219959e+000    6.94396566887377e+016
 1.50305498981670e+000    6.94396566887377e+016
 1.55498981670061e+000    6.94396566887377e+016
 1.59470468431772e+000    6.94396566887377e+016
 1.61914460285132e+000    6.94396566887377e+016
 1.64358452138493e+000    6.94396566887377e+016
 1.69280380176511e+000    6.94396566887377e+016
 1.73862864901561e+000    7.04549873931869e+016
 1.74473862864902e+000    6.97764639792438e+016
 1.76917854718262e+000    6.77798501189193e+016
 1.79361846571623e+000    6.77798501189193e+016
 1.82993890020367e+000    6.74526803776115e+016
 1.86659877800407e+000    6.68030709650938e+016
 1.91581805838425e+000    6.87709115130904e+016
 1.95213849287169e+000    6.42665949569874e+016
 1.97657841140530e+000    6.48915390559846e+016
 2.01018329938900e+000    6.48915390559846e+016
 2.04446707399864e+000    6.42665949569874e+016
 2.06890699253225e+000    6.52062863414469e+016
 2.09334691106585e+000    6.55225602643591e+016
 2.13543788187373e+000    6.36476694411915e+016
 2.15987780040733e+000    6.55225602643591e+016
 2.18431771894094e+000    6.55225602643591e+016
 2.22403258655805e+000    6.36476694411915e+016
 2.24847250509165e+000    6.36476694411915e+016
 2.28207739307536e+000    6.15279946669934e+016
 2.31262729124236e+000    6.18264275533619e+016
 2.33706720977597e+000    6.21263079464818e+016
 2.37372708757637e+000    6.18264275533619e+016
 2.40325865580448e+000    6.30347045460629e+016
 2.42769857433809e+000    6.21263079464818e+016
 2.45892735913103e+000    6.21263079464818e+016
 2.49796334012220e+000    6.27304393707406e+016
 2.52410047522064e+000    5.97674060681410e+016
 2.54650373387644e+000    6.30347045460629e+016
 2.59063136456212e+000    6.15279946669934e+016
 2.63951120162933e+000    6.30347045460629e+016
 2.67651052274270e+000    6.09354435000825e+016
 2.70095044127631e+000    6.30347045460629e+016
 2.76646300067889e+000    6.21263079464818e+016
 2.79056347589952e+000    5.89060946869096e+016
 2.82281059063136e+000    5.83387939755212e+016
 2.82892057026477e+000    6.00572994670762e+016
 2.85336048879837e+000    6.09354435000825e+016
 2.87780040733198e+000    5.91918104161034e+016
 2.91479972844535e+000    6.09354435000825e+016
 2.94501018329939e+000    6.09354435000825e+016
 2.97250509164969e+000    5.83387939755212e+016

Line #5 - H2CO
 1.55804480651731e-001    1.90090236440659e+010
 1.58859470468432e-001    2.36331961011412e+010
 1.68024439918534e-001    3.81557753995005e+010
 1.77189409368635e-001    6.43443826332899e+010
 1.83638832315003e-001    9.02834383478418e+010
 1.87712152070604e-001    1.27293707164527e+011
 1.96877121520706e-001    2.18858217561799e+011
 2.06042090970808e-001    3.02660770563817e+011
 2.10794297352342e-001    4.76965534010641e+011
 2.18601493550577e-001    7.40821683265797e+011
 2.24711473183978e-001    1.03946803171701e+012
 2.32179226069246e-001    1.61449916618168e+012
 2.39646978954515e-001    2.59402560118190e+012
 2.46096401900883e-001    3.63975130155127e+012
 2.56619144602851e-001    5.96229845291086e+012
 2.54921928038018e-001    6.25788579789068e+012
 2.61371350984386e-001    8.78061803532469e+012
 2.66123557365920e-001    1.23800936402740e+013
 2.75627970128988e-001    2.06762369177646e+013
 2.76306856754922e-001    2.22327089402831e+013
 2.83095723014257e-001    3.10447696917107e+013
 2.87169042769857e-001    4.37710824315462e+013
 2.94976238968092e-001    7.17016728457830e+013
 3.05498981670061e-001    1.05594345322526e+014
 3.32993890020367e-001    1.37124746983785e+014
 3.54378818737271e-001    1.70481982476718e+014
 3.87983706720978e-001    2.11953764644896e+014
 3.97148676171079e-001    2.52284897370397e+014
 4.36863543788187e-001    2.02921752886527e+014
 4.67413441955194e-001    1.70481982476718e+014
 4.88798370672098e-001    1.49603205234121e+014
 5.19348268839104e-001    1.25687121515486e+014
 5.52953156822811e-001    1.05594345322526e+014
 5.74338085539715e-001    9.26622994720621e+013
 6.04887983706721e-001    8.13140298112008e+013
 6.35437881873727e-001    6.83148889076292e+013
 6.56822810590631e-001    5.99484250318941e+013
 6.90427698574338e-001    5.26065945692152e+013
 7.17922606924644e-001    4.41967231503461e+013
 7.45417515274949e-001    3.87839896514566e+013
 7.75967413441955e-001    3.40341488251831e+013
 8.06517311608961e-001    2.98660167936386e+013
 8.30957230142566e-001    2.85933325584343e+013
 8.61507128309572e-001    2.50915324711870e+013
 8.95451459606246e-001    2.36761171766438e+013
 9.18873048200951e-001    2.14922872922233e+013
 9.51799049558724e-001    2.01820156685286e+013
 9.83706720977597e-001    1.84986263351702e+013
 1.00780719619823e+000    1.72870142300898e+013
 1.04175152749491e+000    1.55413722080322e+013
 1.07230142566191e+000    1.45938965522033e+013
 1.09640190088255e+000    1.40397742950275e+013
 1.10285132382892e+000    1.37041834997258e+013
 1.12695179904956e+000    1.28065949805749e+013
 1.13679565512559e+000    1.25004807009343e+013
 1.16055668703327e+000    1.16253444981758e+013
 1.18499660556687e+000    1.12926918724564e+013
 1.21894093686354e+000    1.00545830614411e+013
 1.24983027834352e+000    8.57073612926306e+012
 1.27359131025119e+000    7.89395156891893e+012
 1.30448065173116e+000    6.79440295934437e+012
 1.31194840461643e+000    6.66416484949624e+012
 1.33536999321113e+000    6.07881995236270e+012
 1.35913102511881e+000    5.62596473433182e+012
 1.39307535641548e+000    4.79568957915461e+012
 1.42362525458248e+000    4.68105887027927e+012
 1.44806517311609e+000    4.70376368810211e+012
 1.48167006109980e+000    4.79568957915461e+012
 1.51527494908350e+000    4.79568957915461e+012
 1.53971486761711e+000    4.96090384106639e+012
 1.57331975560081e+000    4.79568957915461e+012
 1.60726408689749e+000    4.93695782136456e+012
 1.63136456211813e+000    4.63597749047850e+012
 1.66191446028513e+000    4.20836572831020e+012
 1.69517990495587e+000    4.12769791963233e+012
 1.71961982348948e+000    3.97097149088283e+012
 1.75356415478615e+000    3.69297090875050e+012
 1.78716904276986e+000    3.48465013310434e+012
 1.81126951799050e+000    3.28808074858422e+012
 1.83536999321113e+000    3.08762377335824e+012
 1.87576374745418e+000    2.83008394131855e+012
 1.89986422267481e+000    2.67043868649073e+012
 1.96435845213849e+000    2.27633758569870e+012
 1.98845892735913e+000    2.13756126543380e+012
 2.05600814663951e+000    2.24353315935549e+012
 2.08010862186015e+000    2.36618014972967e+012
 2.10454854039375e+000    2.38918946464246e+012
 2.14731839782756e+000    2.42412364401307e+012
 2.17141887304820e+000    2.55664295534721e+012
 2.19585879158181e+000    2.64472077436945e+012
 2.23828920570265e+000    2.54430217541262e+012
 2.26340801086219e+000    2.40077789218464e+012
 2.28682959945689e+000    2.47149841468044e+012
 2.32518669382213e+000    2.32082416597290e+012
 2.34962661235574e+000    2.32082416597290e+012
 2.37712152070604e+000    2.33208099724709e+012
 2.42464358452139e+000    2.25441510147035e+012
 2.44908350305499e+000    2.15834743435985e+012
 2.47318397827563e+000    2.08646743229952e+012
 2.49762389680923e+000    2.03659488803614e+012
 2.60285132382892e+000    1.83982033090080e+012
 2.65478615071283e+000    1.83982033090080e+012
 2.71249151391718e+000    1.88487422032600e+012
 2.74338085539715e+000    1.89401653768996e+012
 2.78004073319756e+000    1.88487422032600e+012
 2.80448065173116e+000    1.92171041230215e+012
 2.82858112695180e+000    1.84874412070936e+012
 2.84147997284454e+000    1.84874412070936e+012
 2.89748811948405e+000    1.71931686519998e+012
 2.86591989137814e+000    1.79584335840218e+012
 2.89002036659878e+000    1.70275882165773e+012
 2.91921249151392e+000    1.70275882165773e+012
 2.96028513238289e+000    1.68636024191851e+012
 2.98472505091650e+000    1.68636024191851e+012
