Generated by GetData Graph Digitizer 2.26.0.20 on April 12 2016, 15:14
from file 'C:\Users\abayless\Dropbox\Proposals\KathyIR&D2016\digiplots\markwick2002 Figure 10 H2CO.jpg'

Line #1 - solid
 3.54097981561211e-002    1.60445601396479e+001
 1.36468237973114e-001    1.60828444747065e+001
 2.67845815621743e-001    1.61338859724205e+001
 3.46450393005044e-001    1.61664890377724e+001
 4.23927281175209e-001    1.61948511352101e+001
 5.01404169345375e-001    1.62232132326478e+001
 5.78884626152291e-001    1.62544016903919e+001
 6.56365082959206e-001    1.62855901481359e+001
 7.33841971129372e-001    1.63139522455736e+001
 8.11320643617913e-001    1.63437275231645e+001
 8.87680548485194e-001    1.63763277336070e+001
 9.65161005292110e-001    1.64075161913510e+001
 1.04263967778065e+000    1.64372914689419e+001
 1.12122819629857e+000    1.64571759129153e+001
 1.20316409608840e+000    1.64615196575679e+001
 1.28397409098346e+000    1.64630356144595e+001
 1.42876260554020e+000    1.64688724767285e+001
 1.50957616907202e+000    1.64732147939264e+001
 1.59038794828546e+000    1.64761439309711e+001
 1.67119794318052e+000    1.64776598878627e+001
 1.75200793807559e+000    1.64791758447543e+001
 1.83281971728903e+000    1.64821049817991e+001
 1.91363149650247e+000    1.64850341188438e+001
 1.99444327571591e+000    1.64879632558886e+001
 2.07525327061097e+000    1.64894792127801e+001
 2.15606148118766e+000    1.64895819895186e+001
 2.23687147608273e+000    1.64910979464101e+001
 2.31768147097779e+000    1.64926139033017e+001
 2.39849146587286e+000    1.64941298601933e+001
 2.47930324508630e+000    1.64970589972381e+001
 2.56011323998136e+000    1.64985749541296e+001
 2.64092323487643e+000    1.65000909110212e+001
 2.72173322977149e+000    1.65016068679128e+001
 2.80254322466656e+000    1.65031228248044e+001
 2.88335321956163e+000    1.65046387816960e+001
 2.96416321445669e+000    1.65061547385875e+001
 3.04497320935176e+000    1.65076706954791e+001
 3.12578141992844e+000    1.65077734722175e+001
 3.20659141482351e+000    1.65092894291091e+001
 3.28740854699208e+000    1.65164581066134e+001
 3.36599706551000e+000    1.65363425505868e+001
 3.44235697037728e+000    1.65689427610293e+001
 3.51759989194168e+000    1.66057810844766e+001
 3.59172226156644e+000    1.66440311606224e+001
 3.66696696744921e+000    1.66822826642229e+001
 3.74220988901361e+000    1.67191209876702e+001
 3.81745459489639e+000    1.67573724912707e+001
 3.89269930077916e+000    1.67956239948712e+001
 3.96794400666193e+000    1.68338754984716e+001
 4.04318871254470e+000    1.68721270020721e+001
 4.11843341842748e+000    1.69103785056726e+001
 4.19367812431025e+000    1.69486300092731e+001
 4.26892283019302e+000    1.69868815128736e+001
 4.34416753607580e+000    1.70251330164741e+001
 4.41940688900344e+000    1.70591449796151e+001
 4.49800432911324e+000    1.70860953243543e+001
 4.57771339957080e+000    1.71045680156292e+001
 4.65741533275486e+000    1.71173879862914e+001
 4.73711726593891e+000    1.71302079569537e+001
 4.81682098344135e+000    1.71444411077691e+001
 4.89652826958053e+000    1.71615006188908e+001
 4.97623555571971e+000    1.71785601300126e+001
 5.05594105754052e+000    1.71942064609812e+001
 5.13564477504295e+000    1.72084396117966e+001
 5.21534849254539e+000    1.72226727626120e+001
 5.29505577868457e+000    1.72397322737337e+001
 5.37475949618700e+000    1.72539654245491e+001
 5.45558554994744e+000    1.72682000028192e+001
 5.53529997336013e+000    1.72909122345536e+001
 5.61053754196940e+000    1.73235110175415e+001
 5.68354292829128e+000    1.73659992066921e+001
 5.75543311562865e+000    1.74141386890006e+001
 5.82844385490565e+000    1.74608664186107e+001
 5.90033047360627e+000    1.75061795406130e+001
 5.97334121288328e+000    1.75529072702231e+001
 6.04522783158390e+000    1.75982203922253e+001
 6.11823678654253e+000    1.76435349416822e+001
 6.19012518956152e+000    1.76902612438376e+001
 6.26089304064088e+000    1.77383992986915e+001
 6.33165910740187e+000    1.77851241733922e+001
 6.40466806236050e+000    1.78304387228491e+001
 6.47767701731913e+000    1.78757532723061e+001
 6.54956542033812e+000    1.79224795744615e+001
 6.62257259097838e+000    1.79663809437652e+001
 6.70004947914854e+000    1.79947430412029e+001
 6.77974427505910e+000    1.80019102912525e+001
 6.85942479642266e+000    1.79977721000767e+001
 6.94022586972585e+000    1.79922221562024e+001
 7.02102872734741e+000    1.79880853924813e+001
 7.10183515360572e+000    1.79867749890666e+001
 7.18264336418241e+000    1.79868777658050e+001
 7.26344800612235e+000    1.79841541822371e+001
 7.34425264806229e+000    1.79814305986691e+001
 7.42505729000223e+000    1.79787070151012e+001
 7.50586193194217e+000    1.79759834315333e+001
 7.58666835820049e+000    1.79746730281185e+001
 7.66747478445880e+000    1.79733626247038e+001
 7.74827228912524e+000    1.79649863205232e+001
 7.82680906241028e+000    1.79438885400546e+001
 7.90308688863230e+000    1.79114824634514e+001
 7.97823524132282e+000    1.78734222387807e+001
 8.05338359401333e+000    1.78353620141100e+001
 8.12853194670384e+000    1.77973017894394e+001
 8.20368029939435e+000    1.77592415647687e+001
 8.27882865208486e+000    1.77211813400980e+001
 8.35397700477537e+000    1.76831211154274e+001
 8.42912535746588e+000    1.76450608907567e+001
 8.50427371015639e+000    1.76070006660861e+001
 8.57942206284691e+000    1.75689404414154e+001
 8.65457041553742e+000    1.75308802167447e+001
 8.72971876822793e+000    1.74928199920741e+001
 8.80486712091844e+000    1.74547597674034e+001
 8.87888778439581e+000    1.74124585748185e+001
 8.94953608614404e+000    1.73659135594100e+001
 9.01905848299750e+000    1.73165407562405e+001
 9.08970143179059e+000    1.72657562003725e+001
 9.15922026000730e+000    1.72135570368967e+001
 9.22761675196601e+000    1.71613564459661e+001
 9.29713736450109e+000    1.71105704626434e+001
 9.36778031329419e+000    1.70597859067754e+001
 9.43617502093452e+000    1.70061721356917e+001
 9.50344739231683e+000    1.69525569371533e+001
 9.57296800485192e+000    1.69017709538306e+001
 9.64361273796339e+000    1.68523995781158e+001
 9.71200922992209e+000    1.68001989871852e+001
 9.78040393756242e+000    1.67465852161015e+001
 9.85329155887153e+000    1.66958035151429e+001
 9.92618096449902e+000    1.66464349943375e+001
 9.98334338796738e+000    1.65857410479409e+001

Line #2 -dashed
 2.23057640085497e-002    1.36661650947714e+001
 5.27212550324469e-002    1.37552339856980e+001
 1.13520119349487e-001    1.39079345247941e+001
 1.74302924801151e-001    1.40479164425117e+001
 2.24984703930728e-001    1.41878855131370e+001
 2.75650424194929e-001    1.43151359623837e+001
 3.45427978576046e-001    1.44678479211174e+001
 3.82579271466376e-001    1.45583385569254e+001
 4.61380123870950e-001    1.47463914391259e+001
 4.96288528563636e-001    1.48382924001776e+001
 5.70583977070795e-001    1.50136209511809e+001
 6.04371829823847e-001    1.51069336649311e+001
 6.83170897910046e-001    1.52935733669784e+001
 7.21442742740010e-001    1.53826522500879e+001
 7.96876586370555e-001    1.55707008499244e+001
 8.32905543002876e-001    1.56611900582776e+001
 9.10576921875940e-001    1.58435887924108e+001
 9.49971102963913e-001    1.59326691029750e+001
 1.02202544759180e+000    1.61108211593751e+001
 1.05581330034486e+000    1.62041338731253e+001
 1.14692416522003e+000    1.63639388542642e+001
 1.21769558493614e+000    1.64149032694244e+001
 1.49177045600576e+000    1.65933122676706e+001
 1.61421216723131e+000    1.66782586694231e+001
 1.68386303500779e+000    1.67306348372818e+001
 1.84336860752329e+000    1.68368260473369e+001
 1.91413824292103e+000    1.68863772823439e+001
 2.06578389299371e+000    1.69897321399098e+001
 2.13767408033108e+000    1.70378716222184e+001
 2.30837446633268e+000    1.71214662243698e+001
 2.38808532110861e+000    1.71413520957979e+001
 2.57221091856532e+000    1.71910475037297e+001
 2.65080122140161e+000    1.72123451278562e+001
 2.83380269828193e+000    1.72606259281801e+001
 2.91239300111823e+000    1.72819235523067e+001
 3.09763736619620e+000    1.73287940273868e+001
 3.17623123766924e+000    1.73529180118197e+001
 3.37158198202442e+000    1.74040408744516e+001
 3.45017763781584e+000    1.74295780390377e+001
 3.62195396779769e+000    1.74764313846614e+001
 3.70054605495237e+000    1.74991421889411e+001
 3.88692167788022e+000    1.75530799922418e+001
 3.96551376503489e+000    1.75757907965215e+001
 4.15750642220791e+000    1.76339752775552e+001
 4.23721906130222e+000    1.76552743291364e+001
 4.41124184811846e+000    1.77035437098227e+001
 4.48983750390989e+000    1.77290808744088e+001
 4.66386385936288e+000    1.77801766154014e+001
 4.74245951515431e+000    1.78057137799875e+001
 4.92771815477927e+000    1.78638896962930e+001
 5.00631559488907e+000    1.78908400410322e+001
 5.18033838170531e+000    1.79391094217185e+001
 5.25781348555710e+000    1.79660583390030e+001
 5.44194800460568e+000    1.80228196477006e+001
 5.52054366039711e+000    1.80483568122867e+001
 5.71471497030627e+000    1.80542564825625e+001
 5.79552318088296e+000    1.80543592593009e+001
 5.97733451740701e+000    1.80489377863496e+001
 6.05814272798370e+000    1.80490405630881e+001
 6.25005330651146e+000    1.80422187570759e+001
 6.33085794845140e+000    1.80394951735080e+001
 6.50257182729011e+000    1.80368872137708e+001
 6.58224521138017e+000    1.80270963019823e+001
 6.78536844657778e+000    1.80118096895982e+001
 6.89646367725535e+000    1.79992323862350e+001
 7.04794695435589e+000    1.79739878498625e+001
 7.14892509984599e+000    1.79486790780284e+001
 7.31050940326862e+000    1.79234473887482e+001
 7.42158857508082e+000    1.78981514640065e+001
 7.59327390482553e+000    1.78729326218185e+001
 7.67294372027883e+000    1.78603153497237e+001
 7.83674950007860e+000    1.78167151733617e+001
 7.91302732630062e+000    1.77843090967584e+001
 8.09026010187387e+000    1.77082229063299e+001
 8.16653792809590e+000    1.76758168297266e+001
 8.34041261648700e+000    1.76067922576998e+001
 8.44137470311173e+000    1.75687648644873e+001
 8.59280980361613e+000    1.75053644639792e+001
 8.69377189024087e+000    1.74673370707666e+001
 8.84519093187990e+000    1.73912180488800e+001
 8.90576497208166e+000    1.73658578886767e+001
 8.93601987445179e+000    1.73277405658181e+001
 9.02675246383142e+000    1.71879513544850e+001
 9.10743220348509e+000    1.70863051601952e+001
 9.04578757225820e+000    1.71526461173857e+001
 9.18918610280065e+000    1.69465045292245e+001
 9.24183776941646e+000    1.68688467111711e+001
 9.35499567213578e+000    1.67121278870940e+001
 9.40989736422274e+000    1.66387124644095e+001
 9.52190973454517e+000    1.64636208708865e+001
 9.57456318547936e+000    1.63873762329863e+001
 9.68211475986376e+000    1.62348898120952e+001
 9.73476821079795e+000    1.61586451741950e+001
 9.85352708889706e+000    1.59934544064724e+001
 9.91402083477194e+000    1.59045011393765e+001
