Generated by GetData Graph Digitizer 2.26.0.20 on April 12 2016, 14:53
from file 'C:\Users\abayless\Dropbox\Proposals\KathyIR&D2016\digiplots\markwick2002 Figure 10 CS.jpg'

Line #1 - solid
 4.32463600980251e-002    1.51428571428571e+001
 1.03871350087294e-001    1.51746031746032e+001
 1.94800826485993e-001    1.52190476190476e+001
 3.05911937597104e-001    1.52634920634921e+001
 3.54187689202825e-001    1.52888888888889e+001
 4.17055083049029e-001    1.53206349206349e+001
 4.81040119452498e-001    1.53509700176367e+001
 5.47264000341700e-001    1.53798941798942e+001
 6.12370238673636e-001    1.54102292768959e+001
 6.77478256691173e-001    1.54412698412698e+001
 7.40345650537376e-001    1.54730158730159e+001
 8.31259109765669e-001    1.55111111111111e+001
 8.94126503611872e-001    1.55428571428571e+001
 9.56997456829277e-001    1.55760141093474e+001
 1.02210725453241e+000    1.56077601410935e+001
 1.09279814627948e+000    1.56296296296296e+001
 1.16793291297159e+000    1.56352733686067e+001
 1.24639035268030e+000    1.56246913580247e+001
 1.32258937136166e+000    1.56077601410935e+001
 1.34837523603080e+000    1.56070546737213e+001
 1.42682555699710e+000    1.55936507936508e+001
 1.50527587796340e+000    1.55802469135802e+001
 1.56132173690196e+000    1.55746031746032e+001
 1.58372975830090e+000    1.55682539682540e+001
 1.63864907625419e+000    1.55604938271605e+001
 1.66330306088126e+000    1.55555555555556e+001
 1.82020726218506e+000    1.55301587301587e+001
 1.74175694121876e+000    1.55435626102293e+001
 1.89865758315136e+000    1.55167548500882e+001
 1.97710968380326e+000    1.55040564373898e+001
 2.05556178445516e+000    1.54913580246914e+001
 2.13401388510706e+000    1.54786596119929e+001
 2.21246598575896e+000    1.54659611992945e+001
 2.36825610387669e+000    1.54433862433862e+001
 2.44783474551386e+000    1.54328042328042e+001
 2.29091986609646e+000    1.54539682539683e+001
 2.52629040553696e+000    1.54215167548501e+001
 2.60474428587446e+000    1.54095238095238e+001
 2.68320172558316e+000    1.53989417989418e+001
 2.76278036722033e+000    1.53883597883598e+001
 2.84123602724343e+000    1.53770723104056e+001
 2.91968812789533e+000    1.53643738977072e+001
 2.99814378791843e+000    1.53530864197531e+001
 3.07772242955560e+000    1.53425044091711e+001
 3.15729929150716e+000    1.53312169312169e+001
 3.23575317184466e+000    1.53192239858907e+001
 3.31421595061017e+000    1.53107583774250e+001
 3.39493715040301e+000    1.53086419753086e+001
 3.47566724862386e+000    1.53100529100529e+001
 3.55640090621591e+000    1.53128747795414e+001
 3.63713278412236e+000    1.53149911816578e+001
 3.71786644171441e+000    1.53178130511464e+001
 3.79859831962086e+000    1.53199294532628e+001
 3.87933197721291e+000    1.53227513227513e+001
 3.95894265319089e+000    1.53248677248677e+001
 4.03967453109734e+000    1.53269841269841e+001
 4.12040640900379e+000    1.53291005291005e+001
 4.20113828691023e+000    1.53312169312169e+001
 4.28187194450228e+000    1.53340388007055e+001
 4.36260382240873e+000    1.53361552028219e+001
 4.43884021448771e+000    1.53340388007055e+001
 4.48920353730310e+000    1.52980599647266e+001
 4.53618723716268e+000    1.52557319223986e+001
 4.58092675347973e+000    1.52126984126984e+001
 4.62679103109645e+000    1.51710758377425e+001
 4.67265530871316e+000    1.51294532627866e+001
 4.71851958632988e+000    1.50878306878307e+001
 4.76550506587506e+000    1.50462081128748e+001
 4.81136934349178e+000    1.50045855379189e+001
 4.85835482303696e+000    1.49629629629630e+001
 4.90534030258215e+000    1.49213403880071e+001
 5.05523788167582e+000    1.47851851851852e+001
 5.09997917767847e+000    1.47428571428571e+001
 5.14584345529519e+000    1.47012345679012e+001
 5.19170773291190e+000    1.46596119929453e+001
 5.23757201052862e+000    1.46179894179894e+001
 5.28343450845974e+000    1.45756613756614e+001
 5.33042176769052e+000    1.45347442680776e+001
 5.37740902692130e+000    1.44938271604938e+001
 5.42215032292395e+000    1.44514991181658e+001
 5.46576507794133e+000    1.44070546737213e+001
 5.51499474102905e+000    1.43661375661376e+001
 5.57659321904192e+000    1.43393298059965e+001
 5.65283672986330e+000    1.43400352733686e+001
 5.73357928588336e+000    1.43463844797178e+001
 5.81432540127461e+000    1.43541446208113e+001
 5.89394675536620e+000    1.43604938271605e+001
 5.97468575201505e+000    1.43654320987654e+001
 6.05430354673543e+000    1.43703703703704e+001
 6.13504076369868e+000    1.43746031746032e+001
 6.21466033810467e+000    1.43802469135802e+001
 6.29428169219626e+000    1.43865961199295e+001
 6.37390304628784e+000    1.43929453262787e+001
 6.45352440037943e+000    1.43992945326279e+001
 6.53314397478542e+000    1.44049382716049e+001
 6.61276888824820e+000    1.44126984126984e+001
 6.69128683726733e+000    1.44261022927690e+001
 6.76645541798586e+000    1.44451499118166e+001
 6.83938871358986e+000    1.44670194003527e+001
 6.91232200919386e+000    1.44888888888889e+001
 7.12774583242124e+000    1.45495590828924e+001
 7.20067734833964e+000    1.45707231040564e+001
 7.27360886425804e+000    1.45918871252205e+001
 7.34654038017644e+000    1.46130511463845e+001
 7.41947189609484e+000    1.46342151675485e+001
 7.49352461394170e+000    1.46553791887125e+001
 7.56645790954570e+000    1.46772486772487e+001
 7.63938942546410e+000    1.46984126984127e+001
 7.71455978586823e+000    1.47181657848325e+001
 7.78972480721556e+000    1.47358024691358e+001
 7.86712333399182e+000    1.47499118165785e+001
 7.94563772363974e+000    1.47619047619048e+001
 8.02415389297327e+000    1.47746031746032e+001
 8.10267184199239e+000    1.47880070546737e+001
 8.18006680939745e+000    1.48007054673721e+001
 8.25858119904538e+000    1.48126984126984e+001
 8.33709736837890e+000    1.48253968253968e+001
 8.41561353771243e+000    1.48380952380952e+001
 8.49300850511749e+000    1.48507936507937e+001
 8.57152467445101e+000    1.48634920634921e+001
 8.65004084378454e+000    1.48761904761905e+001
 8.72856235217487e+000    1.48910052910053e+001
 8.80708030119399e+000    1.49044091710758e+001
 8.88446103111424e+000    1.49114638447972e+001
 8.95954596660954e+000    1.48973544973545e+001
 9.01332628577835e+000    1.48825396825397e+001
 9.03461132556323e+000    1.48754850088183e+001
 9.08614924087511e+000    1.48606701940035e+001
 9.15897219597186e+000    1.48388007054674e+001
 9.23292169205388e+000    1.48190476190476e+001
 9.27661653292329e+000    1.48063492063492e+001
 9.30799239006437e+000    1.47992945326279e+001
 9.35056602900532e+000    1.47865961199295e+001
 9.42338898410207e+000    1.47647266313933e+001
 9.49621193919882e+000    1.47428571428571e+001
 9.57128441689491e+000    1.47238095238095e+001
 9.64635333521980e+000    1.47033509700176e+001
 9.71917807000215e+000    1.46821869488536e+001
 9.79424876801264e+000    1.46624338624339e+001
 9.87268485149414e+000    1.46433862433862e+001
 9.94213886174868e+000    1.46194003527337e+001

Line #2 - dashed
 3.66793202312879e-002    1.65396825396825e+001
 9.71441385164897e-002    1.65079365079365e+001
 2.48330209985104e-001    1.64380952380952e+001
 2.88661445069114e-001    1.64253968253968e+001
 4.45444627752061e-001    1.63520282186949e+001
 5.12645556036071e-001    1.63238095238095e+001
 6.62715764633020e-001    1.62560846560847e+001
 7.29918472602630e-001    1.62285714285714e+001
 8.64304312000242e-001    1.61657848324515e+001
 9.32630001583920e-001    1.61389770723104e+001
 1.06478945429500e+000    1.60825396825397e+001
 1.13423990517835e+000    1.60571428571429e+001
 1.32711867121554e+000    1.60698412698413e+001
 1.40673824562153e+000    1.60754850088183e+001
 1.59961879134432e+000    1.60888888888889e+001
 1.67923836575031e+000    1.60945326278660e+001
 1.87211891147310e+000    1.61079365079365e+001
 1.95173848587908e+000    1.61135802469136e+001
 2.13452109550327e+000    1.61241622574956e+001
 2.21525475309532e+000    1.61269841269841e+001
 2.39694107638945e+000    1.61474426807760e+001
 2.47545368635177e+000    1.61587301587302e+001
 2.66946967148784e+000    1.61777777777778e+001
 2.74798584082136e+000    1.61904761904762e+001
 2.93191100860122e+000    1.62095238095238e+001
 3.01153058300721e+000    1.62151675485009e+001
 3.18424551118799e+000    1.62349206349206e+001
 3.26276168052152e+000    1.62476190476190e+001
 3.44783118614266e+000    1.62758377425044e+001
 3.52411207036165e+000    1.62913580246914e+001
 3.67891980202777e+000    1.63238095238095e+001
 3.75743597136130e+000    1.63365079365079e+001
 3.95150000800859e+000    1.63746031746032e+001
 4.19380776192078e+000    1.64253968253968e+001
 4.27232393125430e+000    1.64380952380952e+001
 4.44732575543205e+000    1.64754850088183e+001
 4.50907550672098e+000    1.65086419753086e+001
 4.63818813768360e+000    1.65777777777778e+001
 4.69657962224393e+000    1.66130511463845e+001
 4.83018595934842e+000    1.66857142857143e+001
 4.88857744390876e+000    1.67209876543210e+001
 5.02218378101325e+000    1.67936507936508e+001
 5.08281411005932e+000    1.68275132275132e+001
 5.21418160267807e+000    1.69015873015873e+001
 5.27481015203854e+000    1.69347442680776e+001
 5.39720802922956e+000    1.70088183421517e+001
 5.45895600083289e+000    1.70412698412698e+001
 5.58799032562907e+000    1.70793650793651e+001
 5.65744077651242e+000    1.70539682539683e+001
 5.79967324972370e+000    1.69904761904762e+001
 5.86687239832211e+000    1.69615520282187e+001
 6.02143097400413e+000    1.68952380952381e+001
 6.22302308074256e+000    1.68063492063492e+001
 6.29022222934096e+000    1.67774250440917e+001
 6.45262387946545e+000    1.67089947089947e+001
 6.51757884452133e+000    1.66793650793651e+001
 6.65646372911761e+000    1.66222222222222e+001
 6.68661694225098e+000    1.65749559082892e+001
 6.73680585587750e+000    1.64698412698413e+001
 6.75686291259786e+000    1.64204585537919e+001
 6.79699838226579e+000    1.63301587301587e+001
 6.81817664091462e+000    1.62807760141093e+001
 6.86724969166947e+000    1.61777777777778e+001
 6.88730674838983e+000    1.61283950617284e+001
 6.92744221805776e+000    1.60380952380952e+001
 6.95310884379166e+000    1.59901234567901e+001
 6.99769352746144e+000    1.58857142857143e+001
 7.01999476772433e+000    1.58370370370370e+001
 7.06794483686512e+000    1.57333333333333e+001
 7.08912309551395e+000    1.56839506172840e+001
 7.13262395065288e+000    1.55943562610229e+001
 7.15716759477271e+000    1.55456790123457e+001
 7.19950987458556e+000    1.54412698412698e+001
 7.22629770224792e+000    1.53932980599647e+001
 7.26867201640158e+000    1.53015873015873e+001
 7.28872907312194e+000    1.52522045855379e+001
 7.32996616817673e+000    1.51541446208113e+001
 7.35899817938163e+000    1.51068783068783e+001
 7.39911585219355e+000    1.50095238095238e+001
 7.41917290891391e+000    1.49601410934744e+001
 7.46936716159723e+000    1.48571428571429e+001
 7.48942421831759e+000    1.48077601410935e+001
 7.52957570515593e+000    1.47238095238095e+001
 7.55970400269088e+000    1.46666666666667e+001
 7.60991783191581e+000    1.45714285714286e+001
 7.62995531209457e+000    1.45142857142857e+001
 7.67009434113370e+000    1.44253968253968e+001
 7.69013182131245e+000    1.43682539682540e+001
 7.73027085035158e+000    1.42793650793651e+001
 7.76039914788653e+000    1.42222222222222e+001
 7.85123252126279e+000    1.42285714285714e+001
 7.91409991510900e+000    1.42603174603175e+001
 8.05328912594301e+000    1.43238095238095e+001
 8.11615829947482e+000    1.43562610229277e+001
 8.25536174779364e+000    1.44253968253968e+001
 8.31822914163984e+000    1.44571428571429e+001
 8.46752518700047e+000    1.45269841269841e+001
 8.53039436053227e+000    1.45594356261023e+001
 8.66959780885109e+000    1.46285714285714e+001
 8.73358284525456e+000    1.46589065255732e+001
 8.86155647743270e+000    1.47209876543210e+001
 8.94229013502475e+000    1.47238095238095e+001
 9.13396761328144e+000    1.47047619047619e+001
 9.21355693303221e+000    1.46984126984127e+001
 9.39626479586116e+000    1.46793650793651e+001
 9.47585411561194e+000    1.46730158730159e+001
 9.65856197844089e+000    1.46539682539683e+001
 9.73703543532000e+000    1.46497354497355e+001
 9.95781967157682e+000    1.46130511463845e+001
