Generated by GetData Graph Digitizer 2.26.0.20 on April 12 2016, 15:19
from file 'C:\Users\abayless\Dropbox\Proposals\KathyIR&D2016\digiplots\markwick2002 Figure 10 HCN.jpg'

Line #1 - solid
 1.17405671030271e-002    2.03651140180449e+001
 6.22746587947739e-002    2.02858291515238e+001
 1.43081154067314e-001    2.02065923364369e+001
 2.05948447217902e-001    2.01273270464261e+001
 2.72174001718106e-001    2.00533580922798e+001
 3.38399556218309e-001    1.99793891381335e+001
 4.03503910585891e-001    1.99054184043044e+001
 4.69729465086095e-001    1.98314494501581e+001
 5.35953239903548e-001    1.97592441616173e+001
 5.99939953504009e-001    1.96817443168946e+001
 6.98715905505253e-001    1.95725536614392e+001
 7.62704398788463e-001    1.94932901511111e+001
 8.30049373738539e-001    1.94210866422530e+001
 8.96276707921493e-001    1.93453540225012e+001
 9.60265201204703e-001    1.92660905121731e+001
 1.02536955557228e+000    1.91921197783441e+001
 1.09606389345822e+000    1.91340309333778e+001
 1.17234643517977e+000    1.90935876428796e+001
 1.25085713970456e+000    1.90672572365905e+001
 1.33048192563097e+000    1.90479832724059e+001
 1.41010671155738e+000    1.90287093082213e+001
 1.48861385671667e+000    1.90059062331431e+001
 1.56824398169134e+000    1.89813412721421e+001
 1.64675112685063e+000    1.89585381970639e+001
 1.72637769245979e+000    1.89375005672739e+001
 1.80600425806895e+000    1.89164629374838e+001
 1.88450962354549e+000    1.88954235280111e+001
 1.96413796883740e+000    1.88726222326156e+001
 2.04264689367944e+000    1.88480554919319e+001
 2.12227701865410e+000    1.88234905309310e+001
 2.20190180458051e+000    1.88042165667464e+001
 2.28151947177592e+000    1.87919972649836e+001
 2.36113357960583e+000    1.87833052944316e+001
 2.44187066725111e+000    1.87728514379570e+001
 2.52260775489640e+000    1.87623975814823e+001
 2.60222186272631e+000    1.87537056109304e+001
 2.68295539100609e+000    1.87467790856666e+001
 2.76256771915325e+000    1.87398507807201e+001
 2.84330480679853e+000    1.87293969242455e+001
 2.92292247399394e+000    1.87171776224827e+001
 3.00253658182385e+000    1.87084856519307e+001
 3.08327366946913e+000    1.86980317954561e+001
 3.16288955698179e+000    1.86875761592987e+001
 3.24362486494433e+000    1.86788859684295e+001
 3.32435661354136e+000    1.86737231087712e+001
 3.40509014182114e+000    1.86667965835074e+001
 3.48470246996830e+000    1.86598682785609e+001
 3.56543065919983e+000    1.86582327501135e+001
 3.64615706874861e+000    1.86583608872715e+001
 3.72688881734564e+000    1.86531980276132e+001
 3.80650114549280e+000    1.86462697226667e+001
 3.88723111440708e+000    1.86428705286138e+001
 3.96795930363861e+000    1.86412350001664e+001
 4.04869105223565e+000    1.86360721405081e+001
 4.12830160070006e+000    1.86309075011670e+001
 4.20902978993159e+000    1.86292719727196e+001
 4.28975797916312e+000    1.86276364442722e+001
 4.37048972776015e+000    1.86224735846139e+001
 4.45010561527281e+000    1.86120179484565e+001
 4.53084270291809e+000    1.86015640919818e+001
 4.61157979056337e+000    1.85911102355072e+001
 4.69119745775879e+000    1.85788909337444e+001
 4.77081690463695e+000    1.85649079663761e+001
 4.85155399228223e+000    1.85544541099015e+001
 4.93229107992751e+000    1.85440002534268e+001
 5.01191052680567e+000    1.85300172860586e+001
 5.09152819400108e+000    1.85177979842957e+001
 5.17226528164636e+000    1.85073441278211e+001
 5.25300236929164e+000    1.84968902713465e+001
 5.33262181616981e+000    1.84829073039782e+001
 5.41223948336522e+000    1.84706880022153e+001
 5.49297657101050e+000    1.84602341457407e+001
 5.57371365865578e+000    1.84497802892661e+001
 5.65333132585119e+000    1.84375609875032e+001
 5.73295255241210e+000    1.84218143545295e+001
 5.81257377897301e+000    1.84060677215558e+001
 5.89219500553392e+000    1.83903210885821e+001
 5.97181623209483e+000    1.83745744556084e+001
 6.05143745865575e+000    1.83588278226347e+001
 6.13105868521666e+000    1.83430811896610e+001
 6.21067991177757e+000    1.83273345566873e+001
 6.29030113833848e+000    1.83115879237135e+001
 6.36992236489939e+000    1.82958412907398e+001
 6.44954359146030e+000    1.82800946577661e+001
 6.52916303833846e+000    1.82661116903978e+001
 6.60878782426487e+000    1.82468377262133e+001
 6.68730386783791e+000    1.82152163231078e+001
 6.76247054847509e+000    1.81694802561106e+001
 6.83540194757802e+000    1.81166859673261e+001
 6.90833334668095e+000    1.80638916785416e+001
 6.98350714604913e+000    1.80111009491226e+001
 7.05756152496744e+000    1.79565447744154e+001
 7.13049292407037e+000    1.79037504856309e+001
 7.20454374362317e+000    1.78527216421346e+001
 7.27859456317598e+000    1.78016927986383e+001
 7.35152596227891e+000    1.77488985098538e+001
 7.42557678183172e+000    1.76978696663575e+001
 7.49962760138452e+000    1.76468408228612e+001
 7.57256078017021e+000    1.75922828684713e+001
 7.64549573863864e+000    1.75359612484759e+001
 7.72066419895857e+000    1.74884615158733e+001
 7.77451383961392e+000    1.74568009597473e+001
 7.87559804014217e+000    1.72823582362561e+001
 8.12044857259655e+000    1.68577027961841e+001
 8.17883818394765e+000    1.67713757250205e+001
 8.23498895439901e+000    1.66815177632805e+001
 8.29002208408325e+000    1.65881306906468e+001
 8.34505521376748e+000    1.64947436180132e+001
 8.40120598421884e+000    1.64048856562731e+001
 8.45623733422033e+000    1.63132622492449e+001
 8.51014926377194e+000    1.62198733969285e+001
 8.56406119332356e+000    1.61264845446121e+001
 8.61909254332504e+000    1.60348611375839e+001
 8.67412389332653e+000    1.59432377305557e+001
 8.72916236205901e+000    1.58445596611057e+001
 8.78420439015700e+000    1.57423542604448e+001
 8.84482038462860e+000    1.56719037390957e+001
 8.88637597684562e+000    1.56014229631397e+001
 8.94568568417857e+000    1.57143918850738e+001
 8.99603824822979e+000    1.58150009103077e+001
 8.89084120086585e+000    1.56208304035306e+001
 9.04751379209639e+000    1.59138480496190e+001
 9.09786813583037e+000    1.60126934092475e+001
 9.14934367969697e+000    1.61115405485587e+001
 9.20194398306169e+000    1.62068621363419e+001
 9.25678846637441e+000    1.63004236178850e+001
 9.30938876973913e+000    1.63957452056681e+001
 9.35974311347311e+000    1.64945905652966e+001
 9.41009567752433e+000    1.65951995905306e+001
 9.46045002125831e+000    1.66940449501591e+001
 9.51192556512491e+000    1.67928920894703e+001
 9.56452586848963e+000    1.68882136772535e+001
 9.61712617185435e+000    1.69835352650366e+001
 9.66972647521908e+000    1.70788568528197e+001
 9.72232677858380e+000    1.71741784406028e+001
 9.77268112231777e+000    1.72730238002313e+001
 9.82303368636900e+000    1.73736328254653e+001
 9.87787638999897e+000    1.74689579726139e+001
 9.93159789349631e+000    1.75642813400798e+001
 9.96961369672320e+000    1.76683981200143e+001

Line #2 - dashed
 4.18688163810543e-002    2.05080189835200e+001
 2.94202914800002e-001    2.04449274503428e+001
 5.36462229170104e-001    2.03659469095720e+001
 6.16083455731015e-001    2.03502002765983e+001
 8.17951090402723e-001    2.02993743169355e+001
 8.96463574610263e-001    2.02712802450410e+001
 1.05011070516548e+000    2.02291960870471e+001
 1.12973727077464e+000    2.02081584572571e+001
 1.33387578063559e+000    2.01291174072727e+001
 1.41239360389138e+000    2.00957323385619e+001
 1.57615111215045e+000    2.00342638760529e+001
 1.65466893540624e+000    2.00008788073420e+001
 1.82851724485890e+000    1.99394263619779e+001
 1.90703506811469e+000    1.99060412932670e+001
 2.09099019590570e+000    1.98287318745986e+001
 2.16950801916149e+000    1.97953468058877e+001
 2.36352191385659e+000    1.97497993852620e+001
 2.44314314041750e+000    1.97340527522883e+001
 2.61585601227554e+000    1.96867078520849e+001
 2.69547723883645e+000    1.96709612191112e+001
 2.89846251427528e+000    1.96236643703420e+001
 2.97698033753107e+000    1.95902793016311e+001
 3.16088741388783e+000    1.95605888543097e+001
 3.23940523714362e+000    1.95272037855988e+001
 3.41318947801727e+000    1.95292433020305e+001
 3.49278044997143e+000    1.95434789843493e+001
 3.68559305881015e+000    1.95772947362857e+001
 3.76630879026243e+000    1.95880048670764e+001
 3.95800375833403e+000    1.96182915081192e+001
 4.03872304915181e+000    1.96254743076990e+001
 4.22032543634707e+000    1.96575085972024e+001
 4.29991640830122e+000    1.96717442795212e+001
 4.48263821594635e+000    1.97055440143129e+001
 4.56109019094038e+000    1.97374145730034e+001
 4.74266410321163e+000    1.97976675121939e+001
 4.82224973611754e+000    1.98171941913291e+001
 5.01727449061475e+000    1.98809958179235e+001
 5.09572646560879e+000    1.99128663766140e+001
 5.26946443473094e+000    1.99607611987872e+001
 5.34791640972497e+000    1.99926317574776e+001
 5.53061864085984e+000    2.00458318139292e+001
 5.61024520646900e+000    2.00247941841391e+001
 5.79643205642876e+000    1.99580703184689e+001
 5.87494810000180e+000    1.99264489153635e+001
 6.05665904784481e+000    1.98508996029350e+001
 6.13517687110060e+000    1.98175145342241e+001
 6.30902518055326e+000    1.97560620888599e+001
 6.38754300380906e+000    1.97226770201490e+001
 6.57372807408606e+000    1.96577168200842e+001
 6.65001061580760e+000    1.96172735295861e+001
 6.75335679311135e+000    1.94234340438005e+001
 6.80614930221309e+000    1.93282797461959e+001
 6.92408353902017e+000    1.91221177370480e+001
 6.97575662767204e+000    1.90251979941552e+001
 7.08472126341814e+000    1.88190217475452e+001
 7.13751555220263e+000    1.87221037843352e+001
 7.23862822765488e+000    1.85194424111569e+001
 7.29030131630675e+000    1.84225226682641e+001
 7.41049219084108e+000    1.82022548936381e+001
 7.46216705917570e+000    1.81035714851399e+001
 7.56214251735057e+000    1.79167813227278e+001
 7.61381738568519e+000    1.78180979142296e+001
 7.73399046339201e+000    1.76154667956581e+001
 7.78455658937327e+000    1.75044359482390e+001
 7.89574760823986e+000    1.73141362514435e+001
 7.96649533660831e+000    1.72031374383140e+001
 8.06757953713655e+000    1.70286947148227e+001
 8.11814566311780e+000    1.69176638674037e+001
 8.22709784108465e+000    1.67238332800318e+001
 8.27541088870416e+000    1.66233808668799e+001
 8.32708219767328e+000    1.65282247895926e+001
 8.38211354767476e+000    1.64366013825643e+001
 8.43714489767625e+000    1.63449779755361e+001
 8.49217980704324e+000    1.62498272372970e+001
 8.54721293672747e+000    1.61564401646634e+001
 8.60112486627909e+000    1.60630513123470e+001
 8.65503679583070e+000    1.59696624600306e+001
 8.71006992551494e+000    1.58762753873969e+001
 8.76510127551642e+000    1.57846519803687e+001
 8.82237146641765e+000    1.56965594639168e+001
 8.88076107776875e+000    1.56102323927532e+001
 8.93691184822011e+000    1.55203744310132e+001
 9.10867792885505e+000    1.53001885217937e+001
 9.17154700168838e+000    1.52191595661774e+001
 9.31075022704303e+000    1.50465410175051e+001
 9.37361929987637e+000    1.49655120618888e+001
 9.52179568565748e+000    1.47893804194677e+001
 9.58242413790833e+000    1.47065842388804e+001
 9.71489482341899e+000    1.45392460089280e+001
 9.77776389625233e+000    1.44582170533116e+001
 9.91696712160697e+000    1.42855985046394e+001
 9.97759201449231e+000    1.42063296552630e+001
