Generated by GetData Graph Digitizer 2.26.0.20 on April 12 2016, 15:24
from file 'C:\Users\abayless\Dropbox\Proposals\KathyIR&D2016\digiplots\markwick2002 Figure 10 HCO+.jpg'

Line #1 - solid
 2.01816347124117e-002    6.38090432944116e+000
 8.07265388496468e-002    6.46017330578380e+000
 1.72665096983967e-001    6.59053883540934e+000
 1.91725529767911e-001    6.61872727563949e+000
 2.32088799192735e-001    6.67686426515892e+000
 2.92633703329970e-001    6.75966057836223e+000
 3.53178607467205e-001    6.84422055999587e+000
 4.12602309675973e-001    6.92878232131512e+000
 4.73147213813208e-001    7.01334230294876e+000
 5.32570916021976e-001    7.09966773269834e+000
 5.91994618230743e-001    7.18422949401759e+000
 6.51418320439511e-001    7.26879125533683e+000
 7.10842022648279e-001    7.35511668508641e+000
 7.70265724857047e-001    7.44144211483599e+000
 8.29689427065815e-001    7.52600387615524e+000
 8.89113129274582e-001    7.61232930590482e+000
 9.48536831483350e-001    7.69865473565440e+000
 1.00796053369212e+000    7.78321649697364e+000
 1.07074784168629e+000    7.86248191394508e+000
 1.13689875546586e+000    7.93468731813838e+000
 1.20641327503083e+000    7.99630537269286e+000
 1.27817019845274e+000    8.05262886258514e+000
 1.35104832380312e+000    8.10895057279181e+000
 1.42392644915349e+000    8.16703595142882e+000
 1.49568337257540e+000    8.22512310975143e+000
 1.56744029599731e+000    8.27968293121337e+000
 1.64031842134768e+000    8.33424097298971e+000
 1.71207534476959e+000    8.39232813131232e+000
 1.78495347011997e+000    8.44864984151900e+000
 1.85671039354188e+000    8.50497333141127e+000
 1.92958851889225e+000    8.56129504161795e+000
 2.00134544231416e+000    8.61761853151022e+000
 2.07422356766454e+000    8.67394024171690e+000
 2.14710169301491e+000    8.73026195192357e+000
 2.21661621257989e+000    8.79540734333873e+000
 2.28164592443099e+000    8.86937819564796e+000
 2.34555443435363e+000    8.94864183293379e+000
 2.40834174234780e+000    9.02790724990523e+000
 2.47112905034197e+000    9.10717266687667e+000
 2.53279515640767e+000    9.18643986353371e+000
 2.59670366633031e+000    9.26570350081954e+000
 2.66061217625294e+000    9.34496713810538e+000
 2.72339948424711e+000    9.42599622350716e+000
 2.78506559031282e+000    9.50702708859453e+000
 2.84785289830698e+000    9.58629250556597e+000
 2.91176140822962e+000    9.66379247442147e+000
 2.97566991815226e+000    9.74129244327697e+000
 3.03733602421796e+000    9.82232330836434e+000
 3.09788092835520e+000    9.90511962156765e+000
 3.16066823634937e+000    9.98438503853909e+000
 3.22345554434354e+000    1.00618867870802e+001
 3.28736405426617e+000    1.01393867559357e+001
 3.35351496804575e+000    1.02133558285593e+001
 3.42190828568225e+000    1.02802666680904e+001
 3.49142280524723e+000    1.03436483910752e+001
 3.56093732481220e+000    1.04070301140600e+001
 3.63045184437717e+000    1.04704118370449e+001
 3.69996636394215e+000    1.05337935600297e+001
 3.76948088350712e+000    1.05971752830145e+001
 3.83899540307209e+000    1.06605570059993e+001
 3.90850992263707e+000    1.07239387289841e+001
 3.97802444220204e+000    1.07873204519690e+001
 4.04866016369548e+000    1.08489367268378e+001
 4.11929588518892e+000    1.09123166701371e+001
 4.18993160668236e+000    1.09739329450059e+001
 4.25944612624734e+000    1.10373146679908e+001
 4.32896064581231e+000    1.11024600594059e+001
 4.39959636730575e+000    1.11623126658445e+001
 4.47471689651306e+000    1.12080488060979e+001
 4.55320103150577e+000    1.12396702598519e+001
 4.63280636842695e+000    1.12659989286293e+001
 4.71241170534813e+000    1.12905639289763e+001
 4.79089584034084e+000    1.13168943774393e+001
 4.87050117726202e+000    1.13432230462167e+001
 4.94898531225474e+000    1.13677898262493e+001
 5.02859064917592e+000    1.13923548265963e+001
 5.10707478416863e+000    1.14186852750593e+001
 5.18668012108981e+000    1.14450139438367e+001
 5.26628545801099e+000    1.14713426126141e+001
 5.34476959300370e+000    1.14976730610770e+001
 5.42437492992488e+000    1.15222380614241e+001
 5.50285906491759e+000    1.15485685098870e+001
 5.58246440183877e+000    1.15713698418037e+001
 5.66206973875995e+000    1.15906438368598e+001
 5.74167507568113e+000    1.16081541634855e+001
 5.82128041260231e+000    1.16239008216808e+001
 5.90088574952349e+000    1.16396474798762e+001
 5.98049108644467e+000    1.16553941380716e+001
 6.06009642336585e+000    1.16729044646973e+001
 6.13970176028703e+000    1.16886511228926e+001
 6.21930709720821e+000    1.17079251179487e+001
 6.29891243412939e+000    1.17271991130047e+001
 6.37851777105057e+000    1.17464731080607e+001
 6.45812310797175e+000    1.17639834346864e+001
 6.53884964682139e+000    1.17814919816265e+001
 6.61845498374257e+000    1.17990023082522e+001
 6.69806032066375e+000    1.18129852980173e+001
 6.77878685951340e+000    1.18287301765270e+001
 6.85839219643458e+000    1.18427131662920e+001
 6.93911873528422e+000    1.18549307079411e+001
 7.01984527413387e+000    1.18689119180206e+001
 7.10057181298352e+000    1.18811294596697e+001
 7.18129835183317e+000    1.18933470013187e+001
 7.26090368875434e+000    1.19090936595141e+001
 7.34050902567552e+000    1.19248403177095e+001
 7.42123556452517e+000    1.19370578593586e+001
 7.50196210337482e+000    1.19492754010077e+001
 7.58268864222446e+000    1.19632566110871e+001
 7.66341518107411e+000    1.19754741527362e+001
 7.74414171992376e+000    1.19876916943853e+001
 7.82374705684494e+000    1.20016746841503e+001
 7.90335239376612e+000    1.20156576739153e+001
 7.98407893261576e+000    1.20278752155644e+001
 8.06480547146541e+000    1.20400927572135e+001
 8.14553201031506e+000    1.20505466304323e+001
 8.22625854916470e+000    1.20627641720814e+001
 8.30698508801435e+000    1.20749817137305e+001
 8.38771162686400e+000    1.20871992553795e+001
 8.46843816571365e+000    1.20976531285983e+001
 8.54916470456329e+000    1.21098706702474e+001
 8.62989124341294e+000    1.21220882118965e+001
 8.71061778226258e+000    1.21325420851152e+001
 8.79134432111223e+000    1.21447596267643e+001
 8.87094965803341e+000    1.21569789480990e+001
 8.95167619688306e+000    1.21674328213178e+001
 9.03240273573271e+000    1.21778866945365e+001
 9.11312927458235e+000    1.21883405677553e+001
 9.19385581343200e+000    1.21970307725437e+001
 9.27458235228165e+000    1.22074846457625e+001
 9.35530889113129e+000    1.22161748505509e+001
 9.43603542998094e+000    1.22248650553393e+001
 9.51676196883059e+000    1.22353189285581e+001
 9.59748850768023e+000    1.22440091333465e+001
 9.67821504652988e+000    1.22544630065653e+001
 9.75894158537953e+000    1.22631532113537e+001
 9.83966812422917e+000    1.22736070845724e+001
 9.92039466307882e+000    1.22840609577912e+001
 1.00011212019285e+001    1.22839328204279e+001

Line #2 - dashed
 2.01816347124117e-002    1.29523329008697e+001
 1.00908173562059e-001    1.30315698428716e+001
 2.52270433905146e-001    1.31741867281726e+001
 3.22906155398587e-001    1.32375666714718e+001
 4.55207982957731e-001    1.33590497902641e+001
 5.25843704451172e-001    1.34189023967026e+001
 6.77205964794260e-001    1.35650466188643e+001
 7.47841686287700e-001    1.36266628937332e+001
 8.99203946630788e-001    1.37728071158949e+001
 9.69839668124229e-001    1.38344233907638e+001
 1.13129274582352e+000    1.39752605904641e+001
 1.20865567888777e+000    1.40139384976250e+001
 1.39253279515641e+000    1.41088847244246e+001
 1.46765332436372e+000    1.41581482015387e+001
 1.63359120977688e+000    1.42407772242956e+001
 1.70983294091266e+000    1.42847479164331e+001
 1.88810404753896e+000    1.43691210310787e+001
 1.96434577867474e+000    1.44095643863555e+001
 2.15046529880031e+000    1.45133253959356e+001
 2.22782823186456e+000    1.45520033030965e+001
 2.41282655006167e+000    1.46028560394521e+001
 2.49243188698285e+000    1.46291847082294e+001
 2.66397578203835e+000    1.46782951323819e+001
 2.74358111895952e+000    1.47046238011593e+001
 2.93642785065590e+000    1.47572277481460e+001
 3.01603318757708e+000    1.47817927484931e+001
 3.19878910191726e+000    1.48361763810805e+001
 3.27839443883844e+000    1.48625050498579e+001
 3.45105953582240e+000    1.48657583151360e+001
 3.53178607467205e+000    1.48585755040515e+001
 3.73360242179617e+000    1.48459094816310e+001
 3.81432896064581e+000    1.48422540074071e+001
 4.00605449041372e+000    1.48296040021570e+001
 4.08678102926337e+000    1.48259485279331e+001
 4.27850655903128e+000    1.48150621911133e+001
 4.35923309788093e+000    1.48096430484591e+001
 4.51171656015248e+000    1.47794186479017e+001
 4.59132189707366e+000    1.47528372637690e+001
 4.78416862877004e+000    1.46855117574929e+001
 4.86265276376275e+000    1.46589321530458e+001
 5.05549949545913e+000    1.45951339836305e+001
 5.13398363045185e+000    1.45614997054620e+001
 5.29655791007961e+000    1.45065679297095e+001
 5.37616324700078e+000    1.44817502140072e+001
 5.58022199798184e+000    1.44214615845965e+001
 5.66094853683148e+000    1.44195697788029e+001
 5.85267406659939e+000    1.44192654525651e+001
 5.93340060544904e+000    1.44191373152019e+001
 6.12512613521695e+000    1.44153056521035e+001
 6.20585267406660e+000    1.44169411831706e+001
 6.37739656912210e+000    1.44096142175523e+001
 6.45812310797175e+000    1.44094860801891e+001
 6.65096983966812e+000    1.44056526374051e+001
 6.72945397466084e+000    1.44337467542984e+001
 6.90099786971634e+000    1.45057848680452e+001
 6.97948200470905e+000    1.45338789849385e+001
 7.16448032290615e+000    1.46076594108885e+001
 7.24296445789887e+000    1.46392808646425e+001
 7.41787195873977e+000    1.47113136393325e+001
 7.49635609373248e+000    1.47446987615168e+001
 7.66565758493105e+000    1.48096857609135e+001
 7.74302051799529e+000    1.48430726627834e+001
 7.93138244197780e+000    1.47969182964138e+001
 8.00986657697051e+000    1.47685750235363e+001
 8.19262249131068e+000    1.47083202081520e+001
 8.27110662630340e+000    1.46817406037049e+001
 8.44601412714430e+000    1.46214982461198e+001
 8.52449826213701e+000    1.45949186416728e+001
 8.71846619576186e+000    1.45293550241414e+001
 8.79695033075457e+000    1.45010117512640e+001
 9.00100908173562e+000    1.44336684481320e+001
 9.07949321672833e+000    1.44053251752545e+001
 9.34409687184662e+000    1.43184854163663e+001
 9.26561273685391e+000    1.43450650208134e+001
 9.51676196883059e+000    1.42600102865828e+001
 9.59524610382330e+000    1.42299033452750e+001
 9.74548716223792e+000    1.41802821513551e+001
 9.82509249915910e+000    1.41572281040831e+001
