Generated by GetData Graph Digitizer 2.26.0.20 on April 07 2016, 15:44
from file 'C:\Users\abayless\Dropbox\Proposals\KathyIR&D2016\digiplots\markwick2002 Figure 1a.jpg'

Line #1
 3.53535353535354e-002    6.61771058315335e+002
 6.06060606060606e-002    6.45644348452124e+002
 9.09090909090909e-002    6.29517638588913e+002
 1.36363636363636e-001    6.06479481641469e+002
 2.02020202020202e-001    5.74226061915047e+002
 2.30078563411897e-001    5.62770978321734e+002
 2.40179573512907e-001    5.58291336693065e+002
 2.50280583613917e-001    5.53811695064395e+002
 2.60381593714927e-001    5.49332053435725e+002
 2.70482603815937e-001    5.44852411807055e+002
 2.81144781144781e-001    5.40372770178386e+002
 2.93490460157127e-001    5.35957123430126e+002
 3.06397306397306e-001    5.31669466442685e+002
 3.18742985409652e-001    5.27317814574834e+002
 3.29966329966330e-001    5.22902167826574e+002
 3.41189674523008e-001    5.18422526197904e+002
 3.54096520763187e-001    5.14006879449644e+002
 3.67003367003367e-001    5.09719222462203e+002
 3.79349046015713e-001    5.05303575713943e+002
 3.91694725028058e-001    5.00887928965683e+002
 4.05162738496072e-001    4.96600271978242e+002
 4.18069584736251e-001    4.92312614990801e+002
 4.31537598204265e-001    4.88024958003360e+002
 4.46689113355780e-001    4.83801295896328e+002
 4.61840628507295e-001    4.79577633789297e+002
 4.72502805836139e-001    4.75097992160627e+002
 2.19416386083053e-001    5.67250619950404e+002
 2.09315375982043e-001    5.71730261579074e+002
 1.98653198653199e-001    5.76209903207743e+002
 5.93153759820427e-001    4.41052715782737e+002
 6.04377104377104e-001    4.36637069034477e+002
 6.22334455667789e-001    4.32605391568675e+002
 6.40852974186308e-001    4.28573714102872e+002
 6.58249158249158e-001    4.24414046876250e+002
 6.76206509539843e-001    4.20254379649628e+002
 6.94163860830528e-001    4.16094712423006e+002
 7.10998877665544e-001    4.11871050315975e+002
 7.27833894500561e-001    4.07583393328534e+002
 7.46352413019080e-001    4.03487720982321e+002
 7.65993265993266e-001    3.99520038396928e+002
 7.85634118967452e-001    3.95488360931126e+002
 8.05274971941639e-001    3.91456683465323e+002
 8.24915824915825e-001    3.87425005999520e+002
 8.44556677890011e-001    3.83329333653308e+002
 8.64758698092031e-001    3.79361651067915e+002
 8.84960718294052e-001    3.75393968482521e+002
 9.05723905723906e-001    3.71490280777538e+002
 9.26487093153760e-001    3.67586593072554e+002
 9.46689113355780e-001    3.63554915606751e+002
 9.67452300785634e-001    3.59587233021358e+002
 5.72951739618406e-001    4.45020398368131e+002
 5.59483726150393e-001    4.49372050235981e+002
 5.46015712682379e-001    4.53659707223422e+002
 5.29180695847362e-001    4.57819374450044e+002
 5.12345679012346e-001    4.62043036557075e+002
 5.01683501683502e-001    4.66522678185745e+002
 1.09820426487093e+000    3.38852891768658e+002
 1.11952861952862e+000    3.34949204063675e+002
 1.07014590347924e+000    3.42180625549956e+002
 1.04713804713805e+000    3.45956323494121e+002
 1.02413019079686e+000    3.49732021438285e+002
 1.00000000000000e+000    3.53443724502040e+002
 9.77553310886644e-001    3.57283417326614e+002
 9.60718294051627e-001    3.61443084553236e+002
 1.32098765432099e+000    3.06727461803056e+002
 1.34680134680135e+000    3.03143748500120e+002
 1.37317620650954e+000    2.99688024958003e+002
 1.40123456790123e+000    2.96360291176706e+002
 1.42985409652076e+000    2.93096552275818e+002
 1.29236812570146e+000    3.09927205823534e+002
 1.26711560044893e+000    3.13510919126470e+002
 1.24242424242424e+000    3.17094632429406e+002
 1.21604938271605e+000    3.20486361091113e+002
 1.18967452300786e+000    3.23942084633229e+002
 1.16722783389450e+000    3.27781777457803e+002
 1.57295173961841e+000    2.76777857771378e+002
 1.60269360269360e+000    2.73642108631310e+002
 1.63355780022447e+000    2.70698344132469e+002
 1.66386083052750e+000    2.67690584753220e+002
 1.69416386083053e+000    2.64682825373970e+002
 1.72446689113356e+000    2.61675065994720e+002
 1.75533108866442e+000    2.58667306615471e+002
 1.78731762065095e+000    2.55915526757859e+002
 1.54433221099888e+000    2.80041596672266e+002
 2.00673400673401e+000    2.37548996080314e+002
 2.04040404040404e+000    2.35053195744340e+002
 1.97306397306397e+000    2.40044796416287e+002
 2.43265993265993e+000    2.07663386929046e+002
 2.46857463524130e+000    2.05551555875530e+002
 2.50448933782267e+000    2.03375729941605e+002
 2.54096520763187e+000    2.01327893768499e+002
 2.57687991021324e+000    1.99280057595392e+002
 2.61279461279461e+000    1.97232221422286e+002
 2.39786756453423e+000    2.09967202623790e+002
 2.36307519640853e+000    2.12271018318535e+002
 2.32772166105499e+000    2.14574834013279e+002
 2.29236812570146e+000    2.16878649708023e+002
 2.25757575757576e+000    2.19182465402768e+002
 2.22222222222222e+000    2.21486281097512e+002
 2.18742985409652e+000    2.23790096792257e+002
 2.15263748597082e+000    2.26093912487001e+002
 2.11728395061728e+000    2.28397728181745e+002
 2.72783389450056e+000    1.91344692424606e+002
 2.76374859708193e+000    1.89168866490681e+002
 3.13580246913580e+000    1.71890248780098e+002
 3.09708193041526e+000    1.73106151507879e+002
 3.06060606060606e+000    1.74898008159347e+002
 3.02413019079686e+000    1.76817854571634e+002
 2.98653198653199e+000    1.78673706103512e+002
 2.94837261503928e+000    1.80337572994160e+002
 2.91077441077441e+000    1.81809455243581e+002
 2.87317620650954e+000    1.83473322134229e+002
 2.83782267115600e+000    1.85777137828974e+002
 3.42312008978676e+000    1.60435165186785e+002
 3.46184062850730e+000    1.59219262459003e+002
 3.50112233445567e+000    1.58131349492041e+002
 3.73793490460157e+000    1.50067994560435e+002
 3.69865319865320e+000    1.51091912646988e+002
 3.65993265993266e+000    1.52307815374770e+002
 3.62065095398429e+000    1.53459723222142e+002
 3.58080808080808e+000    1.54547636189105e+002
 3.54208754208754e+000    1.55827533797296e+002
 3.50617283950617e+000    1.57875369970402e+002
 4.00056116722783e+000    1.41940644748420e+002
 4.03984287317621e+000    1.40788736901048e+002
 4.07912457912458e+000    1.39700823934085e+002
 4.11784511784512e+000    1.38484921206303e+002
 4.15656565656566e+000    1.37269018478522e+002
 4.19584736251403e+000    1.36053115750740e+002
 4.23456790123457e+000    1.34965202783777e+002
 4.27384960718294e+000    1.33813294936405e+002
 4.31313131313131e+000    1.32661387089033e+002
 4.35241301907969e+000    1.31573474122070e+002
 4.39169472502806e+000    1.30421566274698e+002
 4.43097643097643e+000    1.29205663546916e+002
 3.96127946127946e+000    1.42964562834973e+002
 4.60044893378227e+000    1.25813934885209e+002
 4.63973063973064e+000    1.24598032157427e+002
 4.67957351290685e+000    1.23830093592513e+002
 4.56116722783389e+000    1.27029837612991e+002
 5.07126823793491e+000    1.15510759139269e+002
 5.11054994388328e+000    1.14422846172306e+002
 5.15039281705948e+000    1.13782897368211e+002
 5.19023569023569e+000    1.13078953683705e+002
 5.23007856341190e+000    1.12375009999200e+002
 5.26992143658810e+000    1.11607071434285e+002
 5.30920314253648e+000    1.10775137988961e+002
 5.34904601571268e+000    1.10071194304456e+002
 5.38888888888889e+000    1.09367250619950e+002
 5.42817059483726e+000    1.08535317174626e+002
 5.46801346801347e+000    1.07831373490121e+002
 5.50841750841751e+000    1.07191424686025e+002
 5.54826038159371e+000    1.06551475881929e+002
 5.58810325476992e+000    1.05911527077834e+002
 5.62794612794613e+000    1.05335573154148e+002
 5.66778900112233e+000    1.04631629469642e+002
 5.70763187429854e+000    1.03799696024318e+002
 5.74747474747475e+000    1.03095752339813e+002
 5.78731762065095e+000    1.02519798416127e+002
 5.82716049382716e+000    1.01943844492441e+002
 5.86644219977553e+000    1.01367890568755e+002
 5.90628507295174e+000    1.00791936645068e+002
 5.94612794612795e+000    1.00215982721382e+002
 5.98597081930415e+000    9.95760339172866e+001
 6.02581369248036e+000    9.90000799936005e+001
 6.06565656565657e+000    9.84881209503240e+001
 6.10493827160494e+000    9.79761619070474e+001
 6.14478114478115e+000    9.73362131029518e+001
 6.18406285072952e+000    9.67602591792657e+001
 6.22390572390572e+000    9.61203103751700e+001
 6.26374859708193e+000    9.55443564514839e+001
 6.30359147025814e+000    9.49684025277978e+001
 6.34343434343434e+000    9.43924486041117e+001
 6.38327721661055e+000    9.38164946804256e+001
 6.42312008978676e+000    9.32405407567395e+001
 6.46296296296296e+000    9.26645868330533e+001
 6.50280583613917e+000    9.21526277897768e+001
 6.54264870931538e+000    9.15126789856811e+001
 6.58193041526375e+000    9.08727301815855e+001
 6.62121212121212e+000    9.04247660187185e+001
 6.66161616161616e+000    9.01047916166707e+001
 6.70145903479237e+000    8.97208223342133e+001
 6.74130190796857e+000    8.92728581713463e+001
 6.78170594837261e+000    8.87608991280698e+001
 6.82154882154882e+000    8.81209503239741e+001
 6.86139169472503e+000    8.74810015198784e+001
 6.90123456790123e+000    8.70330373570114e+001
 6.94163860830527e+000    8.67130629549636e+001
 6.98148148148148e+000    8.63290936725062e+001
 7.02132435465769e+000    8.58171346292297e+001
 7.06116722783389e+000    8.51771858251340e+001
 7.10101010101010e+000    8.47292216622670e+001
 7.14141414141414e+000    8.44092472602192e+001
 7.18125701459035e+000    8.38332933365331e+001
 7.22109988776655e+000    8.32573394128470e+001
 7.26150392817059e+000    8.32573394128470e+001
 5.03198653198653e+000    1.16534677225822e+002
 7.82323232323232e+000    7.74978001759859e+001
 7.86363636363636e+000    7.74338052955763e+001
 7.90347923681257e+000    7.68578513718902e+001
 7.94332210998878e+000    7.63458923286137e+001
 7.98316498316498e+000    7.58979281657467e+001
 8.02300785634119e+000    7.55139588832893e+001
 8.06341189674523e+000    7.51939844812415e+001
 8.10325476992144e+000    7.47460203183745e+001
 8.14309764309764e+000    7.43620510359171e+001
 8.18350168350168e+000    7.40420766338693e+001
 8.22334455667789e+000    7.35941124710023e+001
 8.26318742985410e+000    7.30821534277258e+001
 8.30359147025814e+000    7.28261739060875e+001
 8.34399551066218e+000    7.28261739060875e+001
 7.78282828282828e+000    7.75617950563955e+001
 7.74298540965208e+000    7.80737540996720e+001
 7.70314253647587e+000    7.85217182625390e+001
 7.66329966329966e+000    7.90336773058155e+001
 7.62345679012346e+000    7.94176465882729e+001
 7.58305274971942e+000    7.97376209903208e+001
 7.54320987654321e+000    8.01855851531877e+001
 7.50336700336700e+000    8.05695544356452e+001
 7.46296296296296e+000    8.08895288376930e+001
 7.42312008978676e+000    8.14654827613791e+001
 7.38383838383838e+000    8.21054315654748e+001
 7.34343434343434e+000    8.21054315654748e+001
 9.01010101010101e+000    6.70666346692265e+001
 9.05050505050505e+000    6.70666346692265e+001
 9.09034792368126e+000    6.66186705063595e+001
 9.13019079685746e+000    6.61707063434925e+001
 9.17059483726150e+000    6.59787217022638e+001
 9.21099887766554e+000    6.58507319414447e+001
 9.25084175084175e+000    6.54667626589873e+001
 9.29068462401796e+000    6.50827933765299e+001
 9.33108866442200e+000    6.49548036157107e+001
 9.37149270482604e+000    6.48268138548916e+001
 9.41133557800224e+000    6.43788496920246e+001
 9.45117845117845e+000    6.39308855291577e+001
 9.49158249158249e+000    6.37389008879290e+001
 9.53198653198653e+000    6.36109111271098e+001
 9.57182940516274e+000    6.32269418446524e+001
 9.61167227833895e+000    6.27789776817855e+001
 9.65207631874299e+000    6.25229981601472e+001
 9.69248035914702e+000    6.24590032797376e+001
 9.73288439955107e+000    6.23950083993281e+001
 9.77272727272727e+000    6.20110391168706e+001
 9.81257014590348e+000    6.15630749540037e+001
 9.85297418630752e+000    6.14350851931845e+001
 9.89450056116723e+000    6.14990800735941e+001
 9.93658810325477e+000    6.11791056715463e+001
 9.97194163860831e+000    5.96432285417167e+001
 8.96969696969697e+000    6.71946244300456e+001
 8.92985409652076e+000    6.77705783537317e+001
 8.89001122334456e+000    6.82185425165987e+001
 8.84960718294052e+000    6.82825373970082e+001
 8.58080808080808e+000    7.05863530917527e+001
 8.62121212121212e+000    7.05223582113431e+001
 8.66105499438833e+000    6.99464042876570e+001
 8.70089786756454e+000    6.94984401247900e+001
 8.74130190796858e+000    6.93064554835613e+001
 8.78114478114478e+000    6.89224862011039e+001
 8.82098765432099e+000    6.84105271578274e+001
 8.86139169472503e+000    6.82185425165987e+001
 8.54040404040404e+000    7.05863530917527e+001
 8.50056116722783e+000    7.12263018958483e+001
 8.46071829405163e+000    7.17382609391249e+001
 8.42031425364759e+000    7.16742660587153e+001
 4.84904601571268e+000    1.20118390528758e+002
 4.88832772166105e+000    1.18966482681386e+002
 4.92817059483726e+000    1.18390528757699e+002
 4.96801346801347e+000    1.17558595312375e+002
 5.00729517396184e+000    1.16534677225822e+002
 5.04713804713805e+000    1.15574754019678e+002
 4.80976430976431e+000    1.21142308615311e+002
 3.29741863075196e+000    1.65106791456683e+002
 3.33613916947250e+000    1.63826893848492e+002
 3.37542087542088e+000    1.62610991120710e+002
 3.26206509539843e+000    1.67282617390609e+002
 3.22278338945006e+000    1.68498520118391e+002
 1.87710437710438e+000    2.47980161587073e+002
 1.84287317620651e+000    2.50475961923046e+002
 1.81481481481481e+000    2.53739700823934e+002
 1.01010101010101e-002    6.75593952483801e+002
 2.02020202020202e-002    6.66954643628510e+002
