Generated by GetData Graph Digitizer 2.26.0.20 on April 12 2016, 13:55
from file 'C:\Users\abayless\Dropbox\Proposals\KathyIR&D2016\digiplots\markwick2002 Figure 10 C2H.jpg'

Line #1 -solid
 4.03225806451613e-002    1.71573285809529e+001
 1.19847670250896e-001    1.71413038987754e+001
 1.99372759856631e-001    1.71305786336621e+001
 2.80017921146953e-001    1.71216180601854e+001
 3.59543010752688e-001    1.71091263227174e+001
 4.39068100358423e-001    1.70931016405400e+001
 5.18593189964158e-001    1.70770769583625e+001
 5.98118279569893e-001    1.70645852208945e+001
 6.78763440860215e-001    1.70538581750631e+001
 7.59408602150538e-001    1.70431311292317e+001
 8.38933691756272e-001    1.70288729194090e+001
 9.19578853046595e-001    1.70181458735776e+001
 1.00022401433692e+000    1.70038858830367e+001
 1.07414874551971e+000    1.69737383256121e+001
 1.11895161290323e+000    1.69807329863070e+001
 1.12455197132616e+000    1.68835681032076e+001
 1.15255376344086e+000    1.67669364098444e+001
 1.17271505376344e+000    1.66397183473796e+001
 1.19063620071685e+000    1.65125038463511e+001
 1.20967741935484e+000    1.63888205093139e+001
 1.22983870967742e+000    1.62651353915585e+001
 1.25000000000000e+000    1.61414502738032e+001
 1.27016129032258e+000    1.60177651560479e+001
 1.29032258064516e+000    1.58940800382926e+001
 1.31048387096774e+000    1.57703949205372e+001
 1.33064516129032e+000    1.56467098027819e+001
 1.35080645161290e+000    1.55230246850266e+001
 1.37096774193548e+000    1.53993395672713e+001
 1.39112903225806e+000    1.52756544495159e+001
 1.41129032258065e+000    1.51519693317606e+001
 1.43145161290323e+000    1.50282842140053e+001
 1.45161290322581e+000    1.49045990962499e+001
 1.47177419354839e+000    1.47809139784946e+001
 1.49193548387097e+000    1.46572288607393e+001
 1.51209677419355e+000    1.45335437429840e+001
 1.53225806451613e+000    1.44098586252286e+001
 1.55241935483871e+000    1.42861735074733e+001
 1.57258064516129e+000    1.41624883897180e+001
 1.59274193548387e+000    1.40388032719627e+001
 1.61290322580645e+000    1.39151181542073e+001
 1.63306451612903e+000    1.37914330364520e+001
 1.65322580645161e+000    1.36677479186967e+001
 1.67338709677419e+000    1.35440628009414e+001
 1.69354838709677e+000    1.34203776831860e+001
 1.71370967741935e+000    1.32966925654307e+001
 1.73387096774194e+000    1.31730074476754e+001
 1.75403225806452e+000    1.30493223299201e+001
 1.77419354838710e+000    1.29256372121647e+001
 1.79435483870968e+000    1.28019520944094e+001
 1.81339605734767e+000    1.26782687573722e+001
 1.83243727598566e+000    1.25545854203349e+001
 1.85371863799283e+000    1.24326649942162e+001
 1.87500000000000e+000    1.23089780957428e+001
 1.89292114695340e+000    1.21852965394237e+001
 1.91084229390681e+000    1.20616149831045e+001
 1.92988351254480e+000    1.19379316460673e+001
 1.95116487455197e+000    1.18160112199486e+001
 1.97020609318996e+000    1.16923278829114e+001
 1.98812724014337e+000    1.15668798542375e+001
 2.00716845878136e+000    1.14449629895550e+001
 2.02732974910394e+000    1.13230443441544e+001
 2.04749103942652e+000    1.11993592263991e+001
 2.06653225806452e+000    1.10756758893618e+001
 2.08669354838710e+000    1.09519907716065e+001
 2.10685483870968e+000    1.08283056538512e+001
 2.12701612903226e+000    1.07046205360959e+001
 2.14717741935484e+000    1.05809354183405e+001
 2.16509856630824e+000    1.04572538620214e+001
 2.18301971326165e+000    1.03282728886382e+001
 2.20990143369176e+000    1.02028106142195e+001
 2.21774193548387e+000    1.01109415867480e+001
 2.28830645161290e+000    1.00949311503154e+001
 2.36671146953405e+000    1.00612435253090e+001
 2.44623655913979e+000    1.00399194260674e+001
 2.52464157706093e+000    1.00185971075440e+001
 2.60416666666667e+000    9.99374006359301e+000
 2.68257168458781e+000    9.96888480036013e+000
 2.76209677419355e+000    9.94226128405445e+000
 2.84162186379928e+000    9.91563776774877e+000
 2.92002688172043e+000    9.89078250451590e+000
 2.99955197132616e+000    9.86592546056493e+000
 3.07795698924731e+000    9.84283666968676e+000
 3.15748207885305e+000    9.81797962573579e+000
 3.23588709677419e+000    9.78959141779351e+000
 3.31429211469534e+000    9.76296968220593e+000
 3.39381720430108e+000    9.74164558296437e+000
 3.47334229390681e+000    9.72738737314164e+000
 3.55398745519713e+000    9.71489385495553e+000
 3.63463261648746e+000    9.69886739205999e+000
 3.71415770609319e+000    9.68284270988256e+000
 3.79480286738351e+000    9.67034919169644e+000
 3.87544802867384e+000    9.65962214586503e+000
 3.95497311827957e+000    9.64713040839701e+000
 4.03449820788530e+000    9.63110572621958e+000
 4.11402329749104e+000    9.61508104404214e+000
 4.19354838709677e+000    9.59905636186471e+000
 4.27307347670251e+000    9.58126520733257e+000
 4.35259856630824e+000    9.56524052515514e+000
 4.43212365591398e+000    9.55628173239653e+000
 4.51276881720430e+000    9.55615352069337e+000
 4.59341397849462e+000    9.56662414311845e+000
 4.67293906810036e+000    9.58062949097105e+000
 4.75246415770609e+000    9.59640131117835e+000
 4.83198924731183e+000    9.61217313138565e+000
 4.91151433691756e+000    9.62794495159296e+000
 4.99215949820789e+000    9.63841557401804e+000
 5.07280465949821e+000    9.64711972408841e+000
 5.15232974910394e+000    9.65935859958630e+000
 5.23185483870968e+000    9.67513041979361e+000
 5.31137992831541e+000    9.69090224000091e+000
 5.39090501792115e+000    9.70844053256292e+000
 5.47043010752688e+000    9.72421235277023e+000
 5.54995519713262e+000    9.73291828355870e+000
 5.63060035842294e+000    9.73102359950083e+000
 5.71124551971326e+000    9.72382949837883e+000
 5.79189068100358e+000    9.71663539725684e+000
 5.87253584229391e+000    9.70944129613484e+000
 5.95318100358423e+000    9.70224719501285e+000
 6.03270609318996e+000    9.69505487460895e+000
 6.11335125448029e+000    9.68786077348696e+000
 6.19399641577061e+000    9.68243314471967e+000
 6.27464157706093e+000    9.67700551595238e+000
 6.35528673835125e+000    9.66981141483039e+000
 6.43481182795699e+000    9.66438556678120e+000
 6.51545698924731e+000    9.65719146565921e+000
 6.59610215053763e+000    9.64999736453721e+000
 6.67674731182796e+000    9.64456973576993e+000
 6.75739247311828e+000    9.64090857935735e+000
 6.83803763440860e+000    9.63548095059006e+000
 6.91868279569893e+000    9.62828684946806e+000
 6.99932795698925e+000    9.62109274834607e+000
 7.07885304659498e+000    9.61566690029688e+000
 7.15949820788530e+000    9.61023927152959e+000
 7.24014336917563e+000    9.60481164276231e+000
 7.31966845878136e+000    9.59938579471312e+000
 7.40031362007168e+000    9.59395816594583e+000
 7.48095878136201e+000    9.58853053717855e+000
 7.56048387096774e+000    9.58487116148406e+000
 7.64112903225806e+000    9.58121000507149e+000
 7.72177419354839e+000    9.57401590394949e+000
 7.80129928315412e+000    9.55622474941735e+000
 7.87970430107527e+000    9.52960301382977e+000
 7.95810931899642e+000    9.50298127824219e+000
 8.03763440860215e+000    9.47635776193651e+000
 8.11603942652330e+000    9.44620308163951e+000
 8.19444444444444e+000    9.41604840134252e+000
 8.27284946236559e+000    9.39119313810965e+000
 8.35237455197133e+000    9.36633609415867e+000
 8.43077956989247e+000    9.33618141386168e+000
 8.50918458781362e+000    9.30602673356468e+000
 8.58758960573477e+000    9.27763852562240e+000
 8.66711469534050e+000    9.25278148167143e+000
 8.74663978494624e+000    9.22792443772045e+000
 8.82504480286738e+000    9.19423681271404e+000
 8.89112903225806e+000    9.17823349915380e+000
 8.94265232974910e+000    9.08452855132172e+000
 9.00425627240143e+000    9.00140641115499e+000
 9.06362007168459e+000    8.91475488771504e+000
 9.12410394265233e+000    8.82986805591170e+000
 9.18346774193548e+000    8.74498300482646e+000
 9.24283154121864e+000    8.65833148138651e+000
 9.30331541218638e+000    8.57344464958317e+000
 9.36379928315412e+000    8.48679134542512e+000
 9.42316308243728e+000    8.40013982198517e+000
 9.48028673835126e+000    8.31349185998142e+000
 9.53853046594982e+000    8.22684211725957e+000
 9.59677419354839e+000    8.13665942982831e+000
 9.65725806451613e+000    8.05000612567026e+000
 9.72222222222222e+000    7.98984278396043e+000
 8.88552867383513e+000    9.17470945803488e+000

Line #2 - dashed
 2.01612903225806e-002    1.35643558644033e+001
 1.20967741935484e-001    1.35959921021591e+001
 3.12500000000000e-001    1.36592806041335e+001
 3.92025089605735e-001    1.36732859519861e+001
 6.14919354838710e-001    1.37418240109179e+001
 5.35394265232975e-001    1.37225192460012e+001
 8.87096774193548e-001    1.38332478588646e+001
 8.08691756272402e-001    1.38015760067468e+001
 1.15927419354839e+000    1.39441029027130e+001
 1.08534946236559e+000    1.38947592041757e+001
 1.38104838709677e+000    1.41504275860301e+001
 1.31048387096774e+000    1.40869467665008e+001
 1.53225806451613e+000    1.42932714498179e+001
 1.61290322580645e+000    1.43726344940766e+001
 1.74395161290323e+000    1.44996121595979e+001
 1.95900537634409e+000    1.47112469442877e+001
 2.02508960573477e+000    1.47835672484629e+001
 2.17741935483871e+000    1.49281758038874e+001
 2.25246415770609e+000    1.49757512493518e+001
 2.43951612903226e+000    1.49754538694292e+001
 2.52016129032258e+000    1.49753256577260e+001
 2.70161290322581e+000    1.49750371813939e+001
 2.78225806451613e+000    1.49749089696908e+001
 2.97379032258065e+000    1.49746044668957e+001
 3.05443548387097e+000    1.49744762551926e+001
 3.24596774193548e+000    1.49741717523976e+001
 3.32661290322581e+000    1.49740435406944e+001
 3.53830645161290e+000    1.49737069849736e+001
 3.61895161290323e+000    1.49735787732704e+001
 3.79032258064516e+000    1.49574080722088e+001
 3.87096774193548e+000    1.49572798605057e+001
 4.14314516129032e+000    1.49550806736528e+001
 4.06250000000000e+000    1.49569753577107e+001
 4.42540322580645e+000    1.49405001538540e+001
 4.34475806451613e+000    1.49406283655572e+001
 4.68750000000000e+000    1.49718799682035e+001
 4.60797491039427e+000    1.49578746203509e+001
 4.96975806451613e+000    1.50032277296272e+001
 4.88911290322581e+000    1.49909906348474e+001
 5.17137096774194e+000    1.50347037027540e+001
 5.45362903225806e+000    1.50660514641777e+001
 5.37298387096774e+000    1.50661796758808e+001
 5.74596774193548e+000    1.50655866967537e+001
 5.66532258064516e+000    1.50657149084568e+001
 5.99798387096774e+000    1.50333895327966e+001
 5.91733870967742e+000    1.50335177444997e+001
 6.22983870967742e+000    1.50012244217652e+001
 6.53225806451613e+000    1.49636477084295e+001
 6.45161290322581e+000    1.49690753371968e+001
 6.83467741935484e+000    1.49525680804144e+001
 6.75403225806452e+000    1.49526962921175e+001
 7.05645161290323e+000    1.49681137494230e+001
 6.97580645161290e+000    1.49682419611262e+001
 7.33870967741936e+000    1.49835632596543e+001
 7.25806451612903e+000    1.49836914713575e+001
 7.58064516129032e+000    1.50149751269296e+001
 7.78225806451613e+000    1.50146545976717e+001
 7.82370071684588e+000    1.49068338974648e+001
 7.93458781362007e+000    1.46646508937780e+001
 7.98499103942652e+000    1.45638818372452e+001
 8.08019713261649e+000    1.43570532107060e+001
 8.12612007168459e+000    1.42509918599814e+001
 8.22580645161290e+000    1.40441561105698e+001
 8.27172939068100e+000    1.39398612321999e+001
 8.42629928315412e+000    1.36145845798360e+001
 8.37589605734767e+000    1.37153536363688e+001
 8.57526881720430e+000    1.32857838863531e+001
 8.52822580645161e+000    1.33883140730864e+001
 8.71415770609319e+000    1.29817298322991e+001
 8.66823476702509e+000    1.30877911830236e+001
 8.85976702508960e+000    1.26758986215817e+001
 8.80936379928315e+000    1.27749012057598e+001
 9.05241935483871e+000    1.23894238166060e+001
 9.25403225806452e+000    1.21329647959155e+001
 9.19242831541219e+000    1.22143204637275e+001
 9.42540322580645e+000    1.18959850505154e+001
 9.63709677419355e+000    1.16253782245243e+001
 9.57437275985663e+000    1.17067356730545e+001
 9.82078853046595e+000    1.13760135847422e+001
 9.76030465949821e+000    1.14609004165456e+001
 9.97983870967742e+000    1.11796822913996e+001
