Generated by GetData Graph Digitizer 2.26.0.20 on April 12 2016, 14:39
from file 'C:\Users\abayless\Dropbox\Proposals\KathyIR&D2016\digiplots\markwick2002 Figure 10 CN.jpg'

Line #1 - solid
 4.25627240143369e-002    1.15619460089890e+001
 1.01926523297491e-001    1.16311571940604e+001
 1.55689964157706e-001    1.17060050065426e+001
 2.09453405017921e-001    1.17808528190249e+001
 2.63216845878136e-001    1.18557006315071e+001
 3.18100358422939e-001    1.19305498663026e+001
 3.70743727598566e-001    1.20068071912158e+001
 4.23387096774194e-001    1.20830645161290e+001
 4.78270609318996e-001    1.21579137509245e+001
 5.32034050179211e-001    1.22327615634067e+001
 5.85797491039427e-001    1.23076093758889e+001
 6.40681003584229e-001    1.23824586106844e+001
 6.95564516129032e-001    1.24573078454799e+001
 7.51568100358423e-001    1.25307475678443e+001
 8.05331541218638e-001    1.26055953803266e+001
 8.59094982078853e-001    1.26804431928088e+001
 9.12858422939068e-001    1.27567019400353e+001
 9.65501792114695e-001    1.28371920691813e+001
 1.01926523297491e+000    1.29148617511521e+001
 1.08198924731183e+000    1.29671459862320e+001
 1.14023297491039e+000    1.29545215338226e+001
 1.18727598566308e+000    1.28812126642772e+001
 1.22759856630824e+000    1.27881421744325e+001
 1.26568100358423e+000    1.26950688399613e+001
 1.30264336917563e+000    1.26034050179211e+001
 1.34072580645161e+000    1.25131535529385e+001
 1.37992831541219e+000    1.24243144450134e+001
 1.41913082437276e+000    1.23354753370882e+001
 1.45609318996416e+000    1.22452224497923e+001
 1.49305555555556e+000    1.21549695624964e+001
 1.53225806451613e+000    1.20661304545713e+001
 1.57258064516129e+000    1.19787037037037e+001
 1.61066308243728e+000    1.18898631734653e+001
 1.64762544802867e+000    1.17996102861694e+001
 1.68458781362007e+000    1.17079464641293e+001
 1.72379032258065e+000    1.16191073562041e+001
 1.76411290322581e+000    1.15316806053365e+001
 1.80219534050179e+000    1.14428400750981e+001
 1.83915770609319e+000    1.13511762530580e+001
 1.87724014336918e+000    1.12609247880753e+001
 1.91644265232975e+000    1.11734966148945e+001
 1.95564516129032e+000    1.10846575069693e+001
 1.99372759856631e+000    1.09944060419867e+001
 2.03293010752688e+000    1.09041559993173e+001
 2.07213261648746e+000    1.08153168913922e+001
 2.10909498207885e+000    1.07250640040963e+001
 2.14605734767025e+000    1.06291673778233e+001
 2.19198028673835e+000    1.05445696080105e+001
 2.25470430107527e+000    1.05037321499687e+001
 2.32078853046595e+000    1.05433222392900e+001
 2.38687275985663e+000    1.06083091540081e+001
 2.45071684587814e+000    1.06747041588439e+001
 2.51456093189964e+000    1.07396882289355e+001
 2.57840501792115e+000    1.08018504295386e+001
 2.64112903225806e+000    1.08640112078284e+001
 2.70609318996416e+000    1.09247638960005e+001
 2.77217741935484e+000    1.09841070717415e+001
 2.83602150537634e+000    1.10462692723445e+001
 2.89986559139785e+000    1.11084314729476e+001
 2.96258960573477e+000    1.11720031859817e+001
 3.02643369175627e+000    1.12341653865847e+001
 3.09139784946237e+000    1.12949180747568e+001
 3.15524193548387e+000    1.13556693406156e+001
 3.21908602150538e+000    1.14192424759629e+001
 3.28517025089606e+000    1.14785856517039e+001
 3.35573476702509e+000    1.15252361039995e+001
 3.43077956989247e+000    1.15591938328497e+001
 3.50918458781362e+000    1.15861011549184e+001
 3.58758960573477e+000    1.16101866074984e+001
 3.66599462365591e+000    1.16328611253342e+001
 3.74439964157706e+000    1.16555356431701e+001
 3.82280465949821e+000    1.16810320304944e+001
 3.90120967741936e+000    1.17065284178187e+001
 3.97961469534050e+000    1.17334357398874e+001
 4.05801971326165e+000    1.17575211924674e+001
 4.13642473118280e+000    1.17801957103032e+001
 4.21482974910394e+000    1.18056920976276e+001
 4.29323476702509e+000    1.18340103544405e+001
 4.37163978494624e+000    1.18580958070205e+001
 4.45004480286738e+000    1.18666609774137e+001
 4.52732974910394e+000    1.18512388348410e+001
 4.60573476702509e+000    1.18245306366274e+001
 4.68413978494624e+000    1.17950005689253e+001
 4.76142473118280e+000    1.17654690789099e+001
 4.83982974910394e+000    1.17373499459521e+001
 4.91711469534050e+000    1.17092293906810e+001
 4.99551971326165e+000    1.16825211924674e+001
 5.07280465949821e+000    1.16544006371963e+001
 5.15008960573477e+000    1.16262800819252e+001
 5.22849462365591e+000    1.15995718837117e+001
 5.30577956989247e+000    1.15714513284406e+001
 5.38418458781362e+000    1.15447431302270e+001
 5.46146953405018e+000    1.15194444444444e+001
 5.53987455197133e+000    1.14927362462309e+001
 5.61603942652330e+000    1.14617923991580e+001
 5.69220430107527e+000    1.14294376173408e+001
 5.76836917562724e+000    1.13970828355237e+001
 5.84453405017921e+000    1.13675499231951e+001
 5.92069892473118e+000    1.13366060761222e+001
 5.99798387096774e+000    1.13056636513626e+001
 6.07526881720430e+000    1.12747212266029e+001
 6.15143369175627e+000    1.12437773795301e+001
 6.22759856630824e+000    1.12100116629687e+001
 6.30376344086022e+000    1.11762459464072e+001
 6.37992831541219e+000    1.11438911645901e+001
 6.45609318996416e+000    1.11129473175172e+001
 6.53337813620072e+000    1.10820048927576e+001
 6.61178315412186e+000    1.10581185640325e+001
 6.69130824372760e+000    1.10511648745520e+001
 6.77083333333333e+000    1.10625533367469e+001
 6.84923835125448e+000    1.10838169198384e+001
 6.92876344086022e+000    1.11093147294760e+001
 7.00716845878136e+000    1.11348111168004e+001
 7.08557347670251e+000    1.11588965693804e+001
 7.16509856630824e+000    1.11815725095295e+001
 7.24350358422939e+000    1.12042470273653e+001
 7.32190860215054e+000    1.12283324799454e+001
 7.40031362007168e+000    1.12510069977812e+001
 7.47871863799283e+000    1.12736815156170e+001
 7.55712365591398e+000    1.12963560334528e+001
 7.63552867383513e+000    1.13190305512886e+001
 7.71393369175627e+000    1.13431160038687e+001
 7.79233870967742e+000    1.13657905217045e+001
 7.87074372759857e+000    1.13870541047960e+001
 7.95026881720430e+000    1.14083191102008e+001
 8.02867383512545e+000    1.14324045627809e+001
 8.10707885304659e+000    1.14550790806167e+001
 8.18548387096774e+000    1.14777535984525e+001
 8.26388888888889e+000    1.15004281162883e+001
 8.34229390681003e+000    1.15231026341241e+001
 8.42069892473118e+000    1.15457771519599e+001
 8.49910394265233e+000    1.15684516697958e+001
 8.57750896057348e+000    1.15911261876316e+001
 8.65591397849462e+000    1.16138007054674e+001
 8.73655913978495e+000    1.16336561984411e+001
 8.81608422939068e+000    1.16563321385902e+001
 8.88888888888889e+000    1.16931088923024e+001
 8.95385304659498e+000    1.17496287762417e+001
 9.01321684587814e+000    1.18174290265688e+001
 9.07258064516129e+000    1.18852292768959e+001
 9.13194444444444e+000    1.19530295272231e+001
 9.19130824372760e+000    1.20222407122945e+001
 9.25067204301075e+000    1.20914518973659e+001
 9.31003584229391e+000    1.21592521476930e+001
 9.36939964157706e+000    1.22270523980201e+001
 9.42876344086022e+000    1.22948526483473e+001
 9.48812724014337e+000    1.23640638334187e+001
 9.54749103942652e+000    1.24332750184901e+001
 9.60797491039427e+000    1.25010766911305e+001
 9.66845878136201e+000    1.25688783637708e+001
 9.72894265232975e+000    1.26366800364112e+001
 9.78942652329749e+000    1.27044817090516e+001
 9.84991039426523e+000    1.27722833816920e+001
 9.90927419354839e+000    1.28400836320191e+001
 9.97983870967742e+000    1.29205965181772e+001

Line #2 - dashed
 2.01612903225806e-002    1.26412826420891e+001
 6.04838709677419e-002    1.27302227342550e+001
 1.12007168458781e-001    1.28897237867668e+001
 1.51209677419355e-001    1.29786624566194e+001
 2.66577060931900e-001    1.32751052511805e+001
 2.31854838709677e-001    1.31833504010923e+001
 3.62903225806452e-001    1.35179083461342e+001
 4.80510752688172e-001    1.38369289412300e+001
 4.46908602150538e-001    1.37437645787108e+001
 5.91397849462366e-001    1.41164348296069e+001
 5.55555555555556e-001    1.40260894919497e+001
 6.98924731182796e-001    1.43931145815554e+001
 6.59722222222222e-001    1.43041759117028e+001
 8.05331541218638e-001    1.46740257154236e+001
 7.69489247311828e-001    1.45836803777664e+001
 9.13978494623656e-001    1.49549396939182e+001
 8.80376344086022e-001    1.48617753313990e+001
 1.01702508960573e+000    1.52160934744268e+001
 9.76702508960574e-001    1.51271533822609e+001
 1.11223118279570e+000    1.54730044945099e+001
 1.36200716845878e+000    1.56623869260966e+001
 1.29144265232975e+000    1.56129146043125e+001
 1.58378136200717e+000    1.58291588439438e+001
 1.51433691756272e+000    1.57782770097286e+001
 1.71482974910394e+000    1.59280906866928e+001
 1.78427419354839e+000    1.59803834556523e+001
 2.02396953405018e+000    1.61655202821870e+001
 1.95564516129032e+000    1.61104070660522e+001
 2.15725806451613e+000    1.62644549695625e+001
 2.22782258064516e+000    1.63139272913466e+001
 2.41935483870968e+000    1.63452110712863e+001
 2.49887992831541e+000    1.63580104682255e+001
 2.78225806451613e+000    1.64035202252944e+001
 2.70273297491039e+000    1.63921317630995e+001
 3.05555555555556e+000    1.64461953120555e+001
 2.97603046594982e+000    1.64333959151163e+001
 3.29637096774194e+000    1.64845963474996e+001
 3.21684587813620e+000    1.64703860158161e+001
 3.57862903225806e+000    1.65413921602094e+001
 3.49910394265233e+000    1.65243599590374e+001
 3.84072580645161e+000    1.65953405017921e+001
 3.76120071684588e+000    1.65754864311316e+001
 4.11290322580645e+000    1.66464797747056e+001
 4.03337813620072e+000    1.66350913125107e+001
 4.37724014336918e+000    1.67018418956591e+001
 4.29771505376344e+000    1.66848096944871e+001
 4.63821684587814e+000    1.67303919895318e+001
 4.55757168458781e+000    1.67232349092564e+001
 4.90927419354839e+000    1.67519002105024e+001
 4.82862903225806e+000    1.67461540649713e+001
 5.17137096774194e+000    1.67748079877112e+001
 5.09072580645161e+000    1.67648290379473e+001
 5.44354838709677e+000    1.67934957615065e+001
 5.36290322580645e+000    1.67877496159754e+001
 5.70564516129032e+000    1.68135816692268e+001
 5.62500000000000e+000    1.68064245889515e+001
 5.96774193548387e+000    1.68266129032258e+001
 5.88709677419355e+000    1.68236886271833e+001
 6.25000000000000e+000    1.68424916083518e+001
 6.16935483870968e+000    1.68395673323093e+001
 6.51209677419355e+000    1.68569337770951e+001
 6.43145161290323e+000    1.68525985663082e+001
 6.66442652329749e+000    1.68655928201627e+001
 6.71706989247312e+000    1.67894691926950e+001
 6.89404121863799e+000    1.65230272515219e+001
 6.84139784946237e+000    1.65991508789896e+001
 7.05533154121864e+000    1.62819622233601e+001
 7.00268817204301e+000    1.63594967855721e+001
 7.21774193548387e+000    1.60408986175115e+001
 7.16509856630824e+000    1.61184331797235e+001
 7.37455197132617e+000    1.58040607043295e+001
 7.32190860215054e+000    1.58815952665415e+001
 7.53696236559140e+000    1.55658189679695e+001
 7.48431899641577e+000    1.56433535301815e+001
 7.70161290322581e+000    1.53177035330261e+001
 7.65008960573477e+000    1.53952395175513e+001
 7.89202508960573e+000    1.50992504409171e+001
 7.82482078853047e+000    1.51541915571485e+001
 8.08467741935484e+000    1.49104298230642e+001
 8.01747311827957e+000    1.49667818740399e+001
 8.28629032258064e+000    1.46962237583205e+001
 8.22580645161290e+000    1.47638718211299e+001
 8.49686379928315e+000    1.45046040279911e+001
 8.42853942652330e+000    1.45581327871650e+001
 8.69847670250896e+000    1.43016854412016e+001
 8.63575268817204e+000    1.43650978551516e+001
 8.89784946236559e+000    1.41058186835069e+001
 8.83176523297491e+000    1.41649940262843e+001
 9.11402329749104e+000    1.39508903680947e+001
 9.04345878136201e+000    1.40015944131536e+001
 9.34363799283154e+000    1.37931572509530e+001
 9.27307347670251e+000    1.38438612960118e+001
 9.56653225806452e+000    1.36311827956989e+001
 9.49596774193548e+000    1.36804759060135e+001
 9.79838709677419e+000    1.34663978494624e+001
 9.72782258064516e+000    1.35171018945213e+001
 9.93951612903226e+000    1.33649897593446e+001
