Generated by GetData Graph Digitizer 2.26.0.20 on April 07 2016, 15:58
from file 'C:\Users\abayless\Dropbox\Proposals\KathyIR&D2016\digiplots\markwick2002 Figure 1b.jpg'

Line #1
 1.05485232067511e-002    7.60243505668243e+013
 4.21940928270042e-002    7.38560571399522e+013
 8.43881856540084e-002    7.06035534543236e+013
 1.16033755274262e-001    6.87967058105841e+013
 1.68776371308017e-001    6.56648111433074e+013
 1.89873417721519e-001    6.47279836646163e+013
 2.05110173464604e-001    6.37910855800134e+013
 2.21518987341772e-001    6.28542016165930e+013
 2.42616033755274e-001    6.19173741379018e+013
 1.47679324894515e-001    6.66016386219985e+013
 1.38302859821847e-001    6.75519941933698e+013
 1.19549929676512e-001    6.84888499144256e+013
 3.58649789029536e-001    5.65104722688221e+013
 3.79746835443038e-001    5.55736447901310e+013
 4.02015939990624e-001    5.46368314326222e+013
 4.25457102672293e-001    5.37134190771525e+013
 4.48898265353962e-001    5.28033936025396e+013
 4.71167369901547e-001    5.18665802450308e+013
 4.95780590717300e-001    5.09297951298866e+013
 5.27426160337553e-001    5.00332553844068e+013
 3.37552742616034e-001    5.74472997475133e+013
 3.16455696202532e-001    5.83707403453476e+013
 2.95358649789030e-001    5.93075678240388e+013
 2.74261603375527e-001    6.02443953027299e+013
 2.53164556962025e-001    6.11812227814210e+013
 2.34411626816690e-001    6.21180785024769e+013
 6.43459915611814e-001    4.62729398607087e+013
 6.76277543366151e-001    4.53764142364112e+013
 7.06751054852321e-001    4.44798603697490e+013
 7.38396624472574e-001    4.35833206242692e+013
 5.80168776371308e-001    4.81998881602359e+013
 6.11814345991561e-001    4.73033484147561e+013
 6.43459915611814e-001    4.64068086692763e+013
 8.96624472573840e-001    3.97699659397082e+013
 9.35302390998594e-001    3.89136715638927e+013
 8.54430379746835e-001    4.06128310711199e+013
 8.21612751992499e-001    4.15093566954174e+013
 7.88795124238162e-001    4.23924954388581e+013
 7.48945147679325e-001    4.32487756934913e+013
 1.24472573839662e+000    3.30271719790555e+013
 1.06540084388186e+000    3.61575415586396e+013
 1.10876699484294e+000    3.53414643101238e+013
 1.02320675105485e+000    3.70004066900513e+013
 9.81012658227848e-001    3.78432718214631e+013
 9.42334739803094e-001    3.86995661972786e+013
 1.45452414439756e+000    2.98971695502121e+013
 1.50843881856540e+000    2.91615406774778e+013
 1.35021097046414e+000    3.13416958975141e+013
 1.40412564463197e+000    3.05926801439231e+013
 1.45452414439756e+000    2.98168482650715e+013
 1.64556962025316e+000    2.73693508210055e+013
 1.59048288795124e+000    2.80915786917007e+013
 1.89873417721519e+000    2.46013166590412e+013
 2.08860759493671e+000    2.27963753749174e+013
 2.15424285044538e+000    2.21947565225741e+013
 2.02297233942804e+000    2.34113811081174e+013
 1.95733708391936e+000    2.40263868413174e+013
 1.75105485232068e+000    2.61658024503076e+013
 2.42616033755274e+000    2.00293579380814e+013
 2.49882794186592e+000    1.95483057405430e+013
 2.57149554617909e+000    1.90672535430046e+013
 2.64416315049226e+000    1.85862013454663e+013
 2.71800281293952e+000    1.81051632691102e+013
 2.79184247538678e+000    1.76508989544677e+013
 2.29957805907173e+000    2.09916882720756e+013
 2.37224566338490e+000    2.04972491936805e+013
 2.23042662916081e+000    2.15531041183016e+013
 2.16361931551805e+000    2.21413219686058e+013
 3.00632911392405e+000    1.64218900920136e+013
 2.90084388185654e+000    1.70230288241574e+013
 2.97351148616971e+000    1.65419766266190e+013
 3.27004219409283e+000    1.50997661532205e+013
 3.34739803094233e+000    1.47258654872655e+013
 3.42592592592593e+000    1.43653658233497e+013
 3.50445382090952e+000    1.40048661594338e+013
 3.58298171589311e+000    1.36577533763747e+013
 3.19151429910924e+000    1.54736526979931e+013
 3.11298640412564e+000    1.58207654810522e+013
 3.04031879981247e+000    1.63018176785906e+013
 3.82911392405063e+000    1.26968634029790e+013
 3.91115799343647e+000    1.24435011494642e+013
 3.75058602906704e+000    1.30305893051813e+013
 3.66971401781528e+000    1.32973525607352e+013
 3.59118612283169e+000    1.36712391055078e+013
 4.21940928270042e+000    1.13762645518784e+013
 4.30145335208626e+000    1.11229022983636e+013
 4.38232536333802e+000    1.08829128045233e+013
 4.46436943272386e+000    1.06429374318653e+013
 4.54641350210970e+000    1.04029620592073e+013
 4.62845757149555e+000    1.01763735674061e+013
 4.71050164088139e+000    9.92301131389129e+012
 4.79254571026723e+000    9.68303594123329e+012
 4.87458977965307e+000    9.50999497285909e+012
 4.95780590717300e+000    9.33696812566722e+012
 5.03984997655884e+000    9.08360587215246e+012
 4.13736521331458e+000    1.16296268053932e+013
 5.58016877637131e+000    7.89868334095877e+012
 5.66338490389123e+000    7.77920401719395e+012
 5.74542897327707e+000    7.59277616796299e+012
 5.82864510079700e+000    7.41974932077113e+012
 5.91186122831692e+000    7.24672247357927e+012
 5.99390529770277e+000    7.07368150520507e+012
 6.07712142522269e+000    6.94081530058349e+012
 6.16033755274262e+000    6.82133597681867e+012
 6.24355368026254e+000    6.70185665305385e+012
 6.32676980778247e+000    6.58237732928903e+012
 5.49695264885138e+000    8.01816266472359e+012
 5.41490857946554e+000    8.20459051395455e+012
 5.33169245194562e+000    8.40439112285993e+012
 5.24964838255977e+000    8.59081897209090e+012
 5.16643225503985e+000    8.77723270013952e+012
 5.08438818565401e+000    8.99043431108400e+012
 5.00234411626817e+000    9.21702280288524e+012
 6.65611814345992e+000    5.98393574297189e+012
 6.73933427097984e+000    5.86445641920707e+012
 6.82255039849977e+000    5.74497709544225e+012
 6.90576652601969e+000    5.62549777167743e+012
 6.98898265353962e+000    5.51940532876937e+012
 7.07337083919362e+000    5.39994012618688e+012
 7.15658696671355e+000    5.28046080242207e+012
 7.23980309423347e+000    5.18775524037077e+012
 7.32419127988748e+000    5.12183756121533e+012
 7.40740740740741e+000    5.02913199916403e+012
 7.49062353492733e+000    4.90965267539921e+012
 7.57383966244726e+000    4.79017335163439e+012
 7.65705578996718e+000    4.65730714701281e+012
 7.74027191748711e+000    4.53782782324799e+012
 7.82348804500703e+000    4.45850914205345e+012
 7.90787623066104e+000    4.39259146289801e+012
 7.99109235818097e+000    4.29988590084671e+012
 8.07430848570089e+000    4.19379345793865e+012
 8.15752461322082e+000    4.10108789588735e+012
 8.24191279887483e+000    4.02178333587515e+012
 8.32512892639475e+000    3.94246465468061e+012
 8.40834505391467e+000    3.87653285434283e+012
 8.49273323956868e+000    3.81061517518739e+012
 8.57594936708861e+000    3.71790961313609e+012
 8.65916549460853e+000    3.59843028937127e+012
 6.57290201593999e+000    6.10341506673671e+012
 6.48968588842007e+000    6.22289439050153e+012
 9.20886075949367e+000    3.12312541304458e+012
 9.29207688701360e+000    3.00364608927976e+012
 9.37646507266760e+000    2.95111529098108e+012
 9.45968120018753e+000    2.91195725235683e+012
 9.54406938584154e+000    2.85942645405815e+012
 9.62728551336146e+000    2.79349465372037e+012
 9.71167369901547e+000    2.72757697456493e+012
 9.79488982653540e+000    2.68841893594067e+012
 9.87927801218940e+000    2.64927501849875e+012
 9.96249413970933e+000    2.52979569473393e+012
 9.12564463197375e+000    3.22921785595264e+012
 9.04125644631974e+000    3.29513553510808e+012
 8.95804031879981e+000    3.37445421630262e+012
 8.87482419127989e+000    3.42699913578364e+012
 8.79043600562588e+000    3.47952993408232e+012
 8.70721987810595e+000    3.59900925784714e+012
