Generated by GetData Graph Digitizer 2.26.0.20 on April 12 2016, 15:29
from file 'C:\Users\abayless\Dropbox\Proposals\KathyIR&D2016\digiplots\markwick2002 Figure 10 NH3.jpg'

Line #1 - solid
-6.02890355513408e-003    1.99873217115689e+001
 1.04874136643420e-001    2.00348652931854e+001
 2.15809160415211e-001    2.00665610142631e+001
 3.26712200613765e-001    2.01141045958796e+001
 4.08513742897204e-001    2.01369959499912e+001
 4.86930357013083e-001    2.01704525444621e+001
 5.65361186050400e-001    2.01968656453601e+001
 6.43784907626998e-001    2.02268004930446e+001
 7.22212182933956e-001    2.02549744673358e+001
 8.00639458240914e-001    2.02831484416270e+001
 8.79059626087153e-001    2.03148441627047e+001
 9.57479793933391e-001    2.03465398837824e+001
 1.03703537862954e+000    2.03711921112872e+001
 1.11661583943820e+000    2.03835182250396e+001
 1.19733882455749e+000    2.03852790984328e+001
 1.27807602459821e+000    2.03799964782532e+001
 1.35881677836930e+000    2.03729529846804e+001
 1.43955753214038e+000    2.03659094911076e+001
 1.52029828591147e+000    2.03588659975348e+001
 1.60103903968255e+000    2.03518225039620e+001
 1.68177979345364e+000    2.03447790103892e+001
 1.76251699349436e+000    2.03394963902095e+001
 1.84325419353509e+000    2.03342137700299e+001
 1.92399494730617e+000    2.03271702764571e+001
 2.00473214734690e+000    2.03218876562775e+001
 2.08547290111799e+000    2.03148441627047e+001
 2.16621010115871e+000    2.03095615425251e+001
 2.24694730119944e+000    2.03042789223455e+001
 2.32769160870088e+000    2.02954745553795e+001
 2.40843591620233e+000    2.02866701884135e+001
 2.48918022370377e+000    2.02778658214474e+001
 2.56991742374450e+000    2.02725832012678e+001
 2.65065462378522e+000    2.02673005810882e+001
 2.73139537755631e+000    2.02602570875154e+001
 2.81213968505775e+000    2.02514527205494e+001
 2.89288043882884e+000    2.02444092269766e+001
 2.97362119259993e+000    2.02373657334038e+001
 3.05436194637101e+000    2.02303222398310e+001
 3.13510270014210e+000    2.02232787462581e+001
 3.21584345391318e+000    2.02162352526853e+001
 3.29658420768427e+000    2.02091917591125e+001
 3.37732496145535e+000    2.02021482655397e+001
 3.45806216149608e+000    2.01968656453601e+001
 3.53879580780644e+000    2.01933438985737e+001
 3.61952945411681e+000    2.01898221517873e+001
 3.70026665415754e+000    2.01845395316077e+001
 3.78100030046790e+000    2.01810177848213e+001
 3.86173394677827e+000    2.01774960380349e+001
 3.94247114681899e+000    2.01722134178553e+001
 4.02321190059008e+000    2.01651699242824e+001
 4.10394554690045e+000    2.01616481774960e+001
 4.18467919321081e+000    2.01581264307096e+001
 4.26541994698190e+000    2.01510829371368e+001
 4.34615714702262e+000    2.01458003169572e+001
 4.42688723960263e+000    2.01440394435640e+001
 4.50762088591300e+000    2.01405176967776e+001
 4.58835097849300e+000    2.01387568233844e+001
 4.66908107107301e+000    2.01369959499912e+001
 4.74981116365301e+000    2.01352350765980e+001
 4.83054125623302e+000    2.01334742032048e+001
 4.91127134881303e+000    2.01317133298116e+001
 4.99200144139303e+000    2.01299524564184e+001
 5.07273153397304e+000    2.01281915830252e+001
 5.15346518028341e+000    2.01246698362388e+001
 5.23419527286341e+000    2.01229089628456e+001
 5.31492536544342e+000    2.01211480894524e+001
 5.39565545802343e+000    2.01193872160592e+001
 5.47638555060343e+000    2.01176263426660e+001
 5.55712275064416e+000    2.01123437224864e+001
 5.63674940994750e+000    2.01017784821271e+001
 5.71749727117930e+000    2.00912132417679e+001
 5.79824513241110e+000    2.00806480014087e+001
 5.87899654737327e+000    2.00683218876563e+001
 5.95974440860507e+000    2.00577566472971e+001
 6.04049226983688e+000    2.00471914069378e+001
 6.12124013106868e+000    2.00366261665786e+001
 6.20198799230049e+000    2.00260609262194e+001
 6.28273585353229e+000    2.00154956858602e+001
 6.36348371476410e+000    2.00049304455010e+001
 6.44422446853518e+000    1.99978869519282e+001
 6.52608997796509e+000    1.99890825849621e+001
 6.60573440592023e+000    1.99697129776369e+001
 6.67981902272770e+000    1.99274520162000e+001
 6.74945792285527e+000    1.98658214474379e+001
 6.81687574150805e+000    1.97936256383166e+001
 6.88317946569309e+000    1.97179080824089e+001
 6.94947963614776e+000    1.96439513998943e+001
 7.01577980660244e+000    1.95699947173798e+001
 7.08543647538180e+000    1.94995597816517e+001
 7.15172953837576e+000    1.94291248459236e+001
 7.20571425626909e+000    1.93463637964430e+001
 7.24516244012631e+000    1.92442331396373e+001
 7.31255182893621e+000    1.91861243176616e+001
 7.38773277155964e+000    1.91561894699771e+001
 7.45848576615495e+000    1.90980806480014e+001
 7.52590003107737e+000    1.90276457122733e+001
 7.59220020153205e+000    1.89536890297588e+001
 7.65850037198673e+000    1.88797323472442e+001
 7.72144759784708e+000    1.88004930445501e+001
 7.77657128632068e+000    1.87089276281035e+001
 7.82275023547906e+000    1.86050360979046e+001
 7.86445148438429e+000    1.84976228209192e+001
 7.90503508509141e+000    1.83884486705406e+001
 7.94450103760042e+000    1.82775136467688e+001
 7.98284934191133e+000    1.81648177496038e+001
 8.02343649634881e+000    1.80538827258320e+001
 8.06402009705593e+000    1.79447085754534e+001
 8.10460725149341e+000    1.78337735516816e+001
 8.14519440593089e+000    1.77228385279098e+001
 8.18578156036837e+000    1.76119035041381e+001
 8.22748280927360e+000    1.75044902271527e+001
 8.26806640998072e+000    1.73953160767741e+001
 8.30977121261631e+000    1.72861419263955e+001
 8.35147601525190e+000    1.71769677760169e+001
 8.39205961595902e+000    1.70677936256383e+001
 8.43264677039650e+000    1.69568586018665e+001
 8.47323037110362e+000    1.68476844514879e+001
 8.51381752554110e+000    1.67367494277161e+001
 8.55440112624823e+000    1.66275752773376e+001
 8.59386707875724e+000    1.65166402535658e+001
 8.63333303126625e+000    1.64057052297940e+001
 8.67392018570373e+000    1.62947702060222e+001
 8.71450378641086e+000    1.61855960556436e+001
 8.75509094084834e+000    1.60746610318718e+001
 8.79679574348392e+000    1.59654868814932e+001
 8.83738289792140e+000    1.58545518577214e+001
 8.87684885043042e+000    1.57436168339496e+001
 8.91630769547871e+000    1.56362035569643e+001
 8.95911593139097e+000    1.55358337735517e+001
 8.96832364675281e+000    1.54178552562071e+001
 8.98875048886003e+000    1.52963549920761e+001
 9.01590454253806e+000    1.51748547279451e+001
 9.04529389261231e+000    1.50568762106005e+001
 9.07356559448845e+000    1.49371368198627e+001
 9.10295849829305e+000    1.48173974291248e+001
 9.13346549656541e+000    1.47011797851734e+001
 9.16285484663965e+000    1.45832012678288e+001
 9.19112299478543e+000    1.44652227504842e+001
 9.22051234485968e+000    1.43472442331396e+001
 9.24990524866429e+000    1.42275048424018e+001
 9.27929459873853e+000    1.41095263250572e+001
 9.30756630061467e+000    1.39897869343194e+001
 9.33695920441928e+000    1.38700475435816e+001
 9.36634500076316e+000    1.37538298996302e+001
 9.39461314890894e+000    1.36358513822856e+001
 9.42288129705472e+000    1.35178728649410e+001
 9.45114944520050e+000    1.33998943475964e+001
 9.47941759334628e+000    1.32819158302518e+001
 9.50992814534899e+000    1.31639373129072e+001
 9.53932104915360e+000    1.30441979221694e+001
 9.56871039922784e+000    1.29262194048248e+001
 9.59809974930209e+000    1.28082408874802e+001
 9.62749265310670e+000    1.26885014967424e+001
 9.65688200318094e+000    1.25705229793978e+001
 9.68515370505708e+000    1.24507835886600e+001
 9.71230420500475e+000    1.23310441979222e+001
 9.73946536614350e+000    1.22060221870048e+001
 9.77669246852594e+000    1.20933262898398e+001

Line #2 - dashed
-4.36575774682123e-003    1.91632329635499e+001
 7.62008632366417e-002    1.92424722662441e+001
 2.27339238567072e-001    1.93534072900158e+001
 3.38178311619152e-001    1.94326465927100e+001
 4.59076218454202e-001    1.95277337559429e+001
 5.30712315043882e-001    1.95876034513119e+001
 6.96390778140791e-001    1.97161472090157e+001
 7.69162291580378e-001    1.97689734108118e+001
 9.43799708913946e-001    1.99027997886952e+001
 1.01544291296435e+000    1.99591477372777e+001
 1.19473216333869e+000    2.00102130656806e+001
 1.27547647084013e+000    2.00014086987146e+001
 1.46610567479209e+000    1.99890825849621e+001
 1.54683576737210e+000    1.99873217115689e+001
 1.70944203057310e+000    1.99714738510301e+001
 1.79017567688346e+000    1.99679521042437e+001
 2.01220919602359e+000    1.99503433703117e+001
 2.09294284233395e+000    1.99468216235253e+001
 2.27348833639043e+000    1.99309737629864e+001
 2.35423619762223e+000    1.99204085226272e+001
 2.53479946033051e+000    1.98957562951224e+001
 2.61555442902303e+000    1.98816693079768e+001
 2.80956500741219e+000    1.98605388272583e+001
 2.89031997610472e+000    1.98464518401127e+001
 3.07199733328074e+000    1.98253213593943e+001
 3.15275230197326e+000    1.98112343722486e+001
 3.34451336904477e+000    1.97936256383166e+001
 3.42525056908550e+000    1.97883430181370e+001
 3.60689949641864e+000    1.97812995245642e+001
 3.68763314272901e+000    1.97777777777778e+001
 3.86929273125323e+000    1.97654516640254e+001
 3.95002637756359e+000    1.97619299172390e+001
 4.13055765669863e+000    1.97531255502729e+001
 4.21129130300900e+000    1.97496038034865e+001
 4.41425017444374e+000    1.97390385631273e+001
 4.49496960583267e+000    1.97425603099137e+001
 4.65640846861052e+000    1.97496038034865e+001
 4.73713500746017e+000    1.97496038034865e+001
 4.95911522064490e+000    1.97584081704525e+001
 5.03983465203383e+000    1.97619299172390e+001
 5.24164389169722e+000    1.97654516640254e+001
 5.49388944948985e+000    1.97777777777778e+001
 5.57460888087878e+000    1.97812995245642e+001
 5.74615277593428e+000    1.97812995245642e+001
 5.82687931478393e+000    1.97812995245642e+001
 6.02869566190804e+000    1.97812995245642e+001
 6.10942220075769e+000    1.97812995245642e+001
 6.33138819902098e+000    1.97971473851030e+001
 6.55341105697003e+000    1.97848212713506e+001
 6.63413759581968e+000    1.97848212713506e+001
 6.79585364956558e+000    1.96545166402536e+001
 6.85655847156900e+000    1.95752773375594e+001
 7.00817660049798e+000    1.94484944532488e+001
 7.09912189099678e+000    1.93851030110935e+001
 7.24071316971603e+000    1.92266244057052e+001
 7.32156764285863e+000    1.91632329635499e+001
 7.46309495443140e+000    1.90364500792393e+001
 7.55407222850344e+000    1.89572107765452e+001
 7.69559954007622e+000    1.88304278922346e+001
 7.70682932801269e+000    1.88216235252685e+001
 7.76642716300908e+000    1.87353407290016e+001
 7.80924961384278e+000    1.86279274520162e+001
 7.85207206467647e+000    1.85205141750308e+001
 7.89265921911395e+000    1.84095791512590e+001
 7.93324281982107e+000    1.83004050008804e+001
 7.97606527065477e+000    1.81929917238951e+001
 8.01777007329036e+000    1.80838175735165e+001
 8.05723602579937e+000    1.79728825497447e+001
 8.09781962650649e+000    1.78637083993661e+001
 8.13840678094397e+000    1.77527733755943e+001
 8.17899393538145e+000    1.76418383518225e+001
 8.21845988789047e+000    1.75309033280507e+001
 8.25792584039948e+000    1.74199683042789e+001
 8.29851299483696e+000    1.73090332805071e+001
 8.33909659554408e+000    1.71998591301285e+001
 8.37968374998156e+000    1.70889241063568e+001
 8.42138855261715e+000    1.69797499559782e+001
 8.46309335525274e+000    1.68705758055996e+001
 8.50368050969022e+000    1.67596407818278e+001
 8.54314290846888e+000    1.66504666314492e+001
 8.58372650917600e+000    1.65412924810706e+001
 8.62431366361348e+000    1.64303574572988e+001
 8.66489726432060e+000    1.63211833069202e+001
 8.70548441875808e+000    1.62102482831484e+001
 8.74606801946520e+000    1.61010741327699e+001
 8.78776926837043e+000    1.59936608557845e+001
 8.82835642280791e+000    1.58827258320127e+001
 8.86670117338846e+000    1.57717908082409e+001
 8.89945057551775e+000    1.56555731642895e+001
 8.97369511019141e+000    1.55340729001585e+001
 9.02443704913157e+000    1.53914421553090e+001
 9.11567019178950e+000    1.51854199683043e+001
 9.15625734622698e+000    1.50744849445325e+001
 9.23848533615357e+000    1.48860714914598e+001
 9.28130778698727e+000    1.47786582144744e+001
 9.37819313778221e+000    1.45497446733580e+001
 9.42101558861591e+000    1.44423313963726e+001
 9.51901503387860e+000    1.42169396020426e+001
 9.56295868664076e+000    1.41095263250572e+001
 9.64971412904555e+000    1.38999823912661e+001
 9.69365422807735e+000    1.37943299876739e+001
 9.78377682999789e+000    1.35830251804895e+001
 9.82659928083159e+000    1.34756119035041e+001
 9.92683757622085e+000    1.32519809825674e+001
 9.97754753158778e+000    1.31251980982567e+001
