Generated by GetData Graph Digitizer 2.26.0.20 on April 12 2016, 14:46
from file 'C:\Users\abayless\Dropbox\Proposals\KathyIR&D2016\digiplots\markwick2002 Figure 10 CO.jpg'

Line #1 - solid
 1.03092783505155e-001    2.14539682539683e+001
 1.75257731958763e-001    2.14412698412698e+001
 2.46277205040092e-001    2.14285714285714e+001
 3.17296678121420e-001    2.14158730158730e+001
 3.89461626575029e-001    2.14031746031746e+001
 4.60481099656357e-001    2.13904761904762e+001
 5.30355097365407e-001    2.13774250440917e+001
 6.01374570446735e-001    2.13643738977072e+001
 7.12485681557846e-001    2.13435626102293e+001
 7.82359679266896e-001    2.13301587301587e+001
 8.53379152348225e-001    2.13174603174603e+001
 6.41466208476518e-001    2.13566137566138e+001
 9.69072164948454e-001    2.12984126984127e+001
 1.04009163802978e+000    2.12857142857143e+001
 1.11225658648339e+000    2.12737213403880e+001
 1.18785796105384e+000    2.12631393298060e+001
 1.26460481099656e+000    2.12536155202822e+001
 1.34135166093929e+000    2.12440917107584e+001
 1.41809851088202e+000    2.12345679012346e+001
 1.49484536082474e+000    2.12250440917108e+001
 1.57159221076747e+000    2.12155202821869e+001
 1.64833906071019e+000    2.12059964726631e+001
 1.72508591065292e+000    2.11964726631393e+001
 1.80183276059565e+000    2.11869488536155e+001
 1.87857961053837e+000    2.11777777777778e+001
 1.95532646048110e+000    2.11682539682540e+001
 2.03207331042383e+000    2.11590828924162e+001
 8.98052691867125e-001    2.13111111111111e+001
 8.27033218785796e-001    2.13238095238095e+001
 2.14432989690722e+000    2.11460317460317e+001
 2.22107674684994e+000    2.11365079365079e+001
 2.30126002290951e+000    2.11294532627866e+001
 2.38144329896907e+000    2.11234567901235e+001
 2.46162657502864e+000    2.11174603174603e+001
 2.54180985108820e+000    2.11114638447972e+001
 2.62084765177549e+000    2.11047619047619e+001
 2.70103092783505e+000    2.10980599647266e+001
 2.78121420389462e+000    2.10920634920635e+001
 2.86139747995418e+000    2.10860670194004e+001
 2.94158075601375e+000    2.10800705467372e+001
 3.02176403207331e+000    2.10737213403880e+001
 3.10080183276060e+000    2.10666666666667e+001
 2.06758304696449e+000    2.11559082892416e+001
 3.30927835051546e+000    2.10507936507937e+001
 3.39060710194731e+000    2.10476190476190e+001
 3.47308132875143e+000    2.10462081128748e+001
 3.55441008018328e+000    2.10444444444444e+001
 3.63688430698740e+000    2.10423280423280e+001
 3.71935853379152e+000    2.10405643738977e+001
 3.80068728522337e+000    2.10388007054674e+001
 3.88316151202749e+000    2.10366843033510e+001
 3.96563573883161e+000    2.10345679012346e+001
 4.04696449026346e+000    2.10324514991182e+001
 4.12943871706758e+000    2.10303350970018e+001
 4.21191294387171e+000    2.10282186948854e+001
 4.29438717067583e+000    2.10264550264550e+001
 4.37686139747995e+000    2.10243386243386e+001
 4.45819014891180e+000    2.10232804232804e+001
 4.54066437571592e+000    2.10229276895944e+001
 4.62313860252005e+000    2.10222222222222e+001
 4.70446735395189e+000    2.10204585537919e+001
 4.78694158075601e+000    2.10194003527337e+001
 4.86941580756014e+000    2.10190476190476e+001
 4.95189003436426e+000    2.10194003527337e+001
 5.03436426116838e+000    2.10186948853616e+001
 5.11683848797251e+000    2.10169312169312e+001
 5.19931271477663e+000    2.10158730158730e+001
 5.28178694158076e+000    2.10158730158730e+001
 5.36426116838488e+000    2.10158730158730e+001
 5.44673539518900e+000    2.10155202821869e+001
 5.52920962199313e+000    2.10144620811287e+001
 5.61168384879725e+000    2.10134038800705e+001
 5.69415807560137e+000    2.10126984126984e+001
 5.77663230240550e+000    2.10126984126984e+001
 5.85910652920962e+000    2.10126984126984e+001
 5.94158075601375e+000    2.10126984126984e+001
 6.02405498281787e+000    2.10126984126984e+001
 6.10652920962199e+000    2.10126984126984e+001
 6.18900343642612e+000    2.10126984126984e+001
 6.27147766323024e+000    2.10119929453263e+001
 6.35395189003436e+000    2.10109347442681e+001
 6.43642611683849e+000    2.10098765432099e+001
 6.51890034364261e+000    2.10095238095238e+001
 6.60137457044674e+000    2.10095238095238e+001
 6.68384879725086e+000    2.10095238095238e+001
 6.76632302405498e+000    2.10095238095238e+001
 6.84879725085911e+000    2.10088183421517e+001
 6.93127147766323e+000    2.10077601410935e+001
 7.01374570446735e+000    2.10067019400353e+001
 7.09621993127148e+000    2.10063492063492e+001
 7.17869415807560e+000    2.10063492063492e+001
 7.26116838487973e+000    2.10063492063492e+001
 7.34364261168385e+000    2.10056437389771e+001
 7.42611683848797e+000    2.10045855379189e+001
 7.50859106529210e+000    2.10035273368607e+001
 7.59106529209622e+000    2.10031746031746e+001
 7.67353951890034e+000    2.10031746031746e+001
 7.75601374570447e+000    2.10028218694885e+001
 7.83848797250859e+000    2.10017636684303e+001
 7.92096219931271e+000    2.10007054673721e+001
 8.00343642611684e+000    2.09992945326279e+001
 8.08591065292096e+000    2.09978835978836e+001
 8.16838487972509e+000    2.09971781305115e+001
 8.25085910652921e+000    2.09968253968254e+001
 8.33333333333333e+000    2.09961199294533e+001
 8.41580756013746e+000    2.09950617283951e+001
 8.49828178694158e+000    2.09940035273369e+001
 8.58075601374570e+000    2.09929453262787e+001
 8.66323024054983e+000    2.09915343915344e+001
 8.74570446735395e+000    2.09908289241623e+001
 8.82817869415808e+000    2.09901234567901e+001
 8.91065292096220e+000    2.09887125220459e+001
 8.99312714776632e+000    2.09865961199295e+001
 9.07445589919817e+000    2.09837742504409e+001
 9.15578465063001e+000    2.09820105820106e+001
 9.23825887743414e+000    2.09802469135802e+001
 9.31958762886598e+000    2.09774250440917e+001
 9.40091638029782e+000    2.09746031746032e+001
 9.48224513172967e+000    2.09721340388007e+001
 9.56471935853379e+000    2.09703703703704e+001
 9.64604810996564e+000    2.09679012345679e+001
 9.72737686139748e+000    2.09650793650794e+001
 9.80985108820160e+000    2.09633156966490e+001
 9.89805269186713e+000    2.09633156966490e+001
 9.96678121420389e+000    2.09573192239859e+001
 3.22909507445590e+000    2.10574955908289e+001
 3.14891179839633e+000    2.10638447971781e+001
 3.06872852233677e+000    2.10698412698413e+001

Line #2 - dashed
 4.12371134020619e-002    2.14825396825397e+001
 1.13402061855670e-001    2.14761904761905e+001
 3.71134020618557e-001    2.14571428571429e+001
 2.90950744558992e-001    2.14638447971781e+001
 6.28865979381443e-001    2.14349206349206e+001
 5.48682703321879e-001    2.14416225749559e+001
 8.86597938144330e-001    2.14158730158730e+001
 8.06414662084765e-001    2.14225749559083e+001
 1.14432989690722e+000    2.13936507936508e+001
 1.06414662084765e+000    2.14003527336861e+001
 1.39175257731959e+000    2.13650793650794e+001
 1.31500572737686e+000    2.13749559082892e+001
 1.64948453608247e+000    2.13396825396825e+001
 1.56930126002291e+000    2.13463844797178e+001
 1.90721649484536e+000    2.13111111111111e+001
 2.12256586483391e+000    2.12881834215168e+001
 2.04352806414662e+000    2.12952380952381e+001
 2.38144329896907e+000    2.12571428571429e+001
 2.30469644902635e+000    2.12670194003527e+001
 2.62886597938144e+000    2.12289241622575e+001
 2.55211912943872e+000    2.12384479717813e+001
 2.86597938144330e+000    2.12031746031746e+001
 3.10309278350515e+000    2.11746031746032e+001
 3.37113402061856e+000    2.11460317460317e+001
 3.29209621993127e+000    2.11527336860670e+001
 3.61855670103093e+000    2.11206349206349e+001
 3.53837342497136e+000    2.11273368606702e+001
 3.87628865979381e+000    2.10920634920635e+001
 3.79954180985109e+000    2.11012345679012e+001
 4.13402061855670e+000    2.10666666666667e+001
 4.31958762886598e+000    2.10476190476190e+001
 4.40206185567010e+000    2.10380952380952e+001
 4.55670103092783e+000    2.10285714285714e+001
 4.82474226804124e+000    2.10126984126984e+001
 4.93814432989691e+000    2.10063492063492e+001
 5.08247422680412e+000    2.09968253968254e+001
 5.18556701030928e+000    2.09936507936508e+001
 5.35051546391753e+000    2.09841269841270e+001
 5.45360824742268e+000    2.09777777777778e+001
 5.60824742268041e+000    2.09650793650794e+001
 5.68843069873998e+000    2.09583774250441e+001
 5.96678121420389e+000    2.09308641975309e+001
 5.89003436426117e+000    2.09396825396825e+001
 6.22680412371134e+000    2.09079365079365e+001
 6.14662084765178e+000    2.09146384479718e+001
 6.46506300114548e+000    2.08835978835979e+001
 6.38717067583047e+000    2.08920634920635e+001
 6.73195876288660e+000    2.08539682539683e+001
 6.65979381443299e+000    2.08659611992945e+001
 6.95876288659794e+000    2.08158730158730e+001
 6.88774341351661e+000    2.08285714285714e+001
 7.17525773195876e+000    2.07809523809524e+001
 7.10423825887743e+000    2.07936507936508e+001
 7.42153493699885e+000    2.07414462081129e+001
 7.64948453608247e+000    2.07047619047619e+001
 7.57731958762887e+000    2.07167548500882e+001
 7.88774341351661e+000    2.06705467372134e+001
 7.81099656357388e+000    2.06793650793651e+001
 8.13402061855670e+000    2.06444444444444e+001
 8.05612829324170e+000    2.06525573192240e+001
 8.38144329896907e+000    2.06158730158730e+001
 8.63917525773196e+000    2.05873015873016e+001
 8.56013745704467e+000    2.05943562610229e+001
 8.87628865979381e+000    2.05587301587302e+001
 8.79954180985109e+000    2.05686067019400e+001
 9.15463917525773e+000    2.05523809523810e+001
 9.07216494845361e+000    2.05523809523810e+001
 9.42268041237113e+000    2.05460317460317e+001
 9.34020618556701e+000    2.05460317460317e+001
 9.59793814432990e+000    2.05396825396825e+001
 9.68041237113402e+000    2.05396825396825e+001
 9.86597938144330e+000    2.05333333333333e+001
 9.94845360824742e+000    2.05333333333333e+001
