Generated by GetData Graph Digitizer 2.26.0.20 on April 07 2016, 14:49
from file 'C:\Users\abayless\Dropbox\Proposals\KathyIR&D2016\digiplots\willacy2009 Figure 3c.jpg'

Line #1 - NH3
 1.04210057505141e+000    3.29583487185858e+020
 1.32384083694651e+000    3.03505805091546e+020
 1.61383354510246e+000    2.83544486508064e+020
 1.89557380699755e+000    2.61109554946756e+020
 2.16494267679083e+000    2.34467773827764e+020
 2.42605910032326e+000    2.07534789272035e+020
 2.68305657801473e+000    1.81723102061458e+020
 2.94006861028514e+000    1.57981048597262e+020
 3.18054664087595e+000    1.35376510115312e+020
 3.40862417020707e+000    1.14759656593402e+020
 3.63670897682765e+000    9.69332946895836e+019
 3.84825978176864e+000    8.07049514021359e+019
 4.02672075148202e+000    6.59934608064884e+019
 4.17209916325726e+000    5.28096092560366e+019
 4.29679551835405e+000    4.18050480234039e+019
 4.42977342886959e+000    3.30939327805799e+019
 4.56687756251556e+000    2.63872637352210e+019
 4.69570741803225e+000    2.09640053764574e+019
 4.81627027270915e+000    1.65358263483152e+019
 4.93269234967667e+000    1.30429431922982e+019
 5.03256587038565e+000    1.02139365868364e+019
 5.11589083483609e+000    7.94106162514475e+018
 5.18679346615842e+000    6.17387956757635e+018
 5.25356259706085e+000    4.78270516024932e+018
 5.32860600609255e+000    3.71839169667740e+018
 5.40779019283362e+000    2.89093685040695e+018
 5.48697437957469e+000    2.24761578520864e+018
 5.55787701089701e+000    1.74743753758601e+018
 5.62877964221934e+000    1.35856758430855e+018
 5.70382305125104e+000    1.05624040278591e+018
 5.77472568257337e+000    8.21187562700681e+017
 5.84562831389569e+000    6.38442736478971e+017
 5.92067172292739e+000    4.96367660264395e+017
 5.99571513195909e+000    3.85909087971064e+017
 6.07903281912006e+000    3.01115149972562e+017
 6.15820972857166e+000    2.34951524120343e+017
 6.23739391531273e+000    1.82667689298497e+017
 6.31657082476432e+000    1.42530364254784e+017
 6.39574773421592e+000    1.11212359518080e+017
 6.47079114324762e+000    8.64638526407455e+016
 6.54583455227932e+000    6.72227245773449e+016
 6.62087068402155e+000    5.24517315783092e+016
 6.70005487076262e+000    4.07796316409813e+016
 6.78337255792359e+000    3.18193203532969e+016
 6.86254946737518e+000    2.48277040001534e+016
 6.94587443182562e+000    1.93028736569763e+016
 7.04988145295451e+000    1.51706313372491e+016
 7.18284480889110e+000    1.20961646965292e+016
 7.33236399837571e+000    9.67969519584857e+015
 7.48602396556969e+000    7.74600215122286e+015
 7.63555043234377e+000    6.17631464386165e+015
 7.78094339869795e+000    4.90701154202060e+015
 7.94701842173057e+000    3.94095090001774e+015
 8.13375366957322e+000    3.23420705774868e+015
 8.34116369680483e+000    2.69273171748516e+015
 8.55271450174582e+000    2.24192093227161e+015
 8.76012452897744e+000    1.86657548345836e+015
 8.95926755536926e+000    1.54291697991788e+015
 9.14186930279200e+000    1.26166839158364e+015
 9.31620404937495e+000    1.02428219401541e+015
 9.48226451782863e+000    8.28567607175153e+014
 9.65246576399168e+000    6.70252154491618e+014
 9.82680051057463e+000    5.44142463999200e+014
 9.98873475589788e+000    4.37013268185448e+014
 1.01341204449626e+001    3.48453219394107e+014
 1.02753726336074e+001    2.76840871561764e+014
 1.04124840445428e+001    2.19944949389335e+014
 1.05413284546385e+001    1.73488029942942e+014
 1.06618985866048e+001    1.36351199983989e+014
 1.08237891681913e+001    1.11895885421200e+014

Line #2 - N2
 1.04852642165488e+000    1.06521987884650e+020
 1.30965012247678e+000    9.39474116709815e+019
 1.61223254141869e+000    8.08005732829879e+019
 1.86508924140079e+000    7.07508618949025e+019
 2.13034644264259e+000    6.26240893817452e+019
 1.35110884059680e+000    9.16154850382297e+019
 2.50755746511631e+000    5.14040678746168e+019
 2.76041416509841e+000    4.50105978121685e+019
 3.01740436550041e+000    3.95545279473985e+019
 2.25470076513422e+000    5.87056898263158e+019
 3.37380234008520e+000    3.42669491010293e+019
 3.64729743300891e+000    3.09928959704677e+019
 3.91667358009166e+000    2.77306699912203e+019
 3.10442619300245e+000    3.82981005886175e+019
 4.29788711177480e+000    2.43724958815910e+019
 4.81988708557656e+000    2.14242501024671e+019
 5.26735306060963e+000    1.88311274395337e+019
 6.23669529552345e+000    1.54671356464684e+019
 6.52667344910045e+000    1.45542048057980e+019
 6.82077782580789e+000    1.37941007358680e+019
 5.94259091881601e+000    1.63194298974788e+019
 5.65259821066006e+000    1.74683054876769e+019
 8.21663471936589e+000    1.12538847951186e+019
 8.51073909607332e+000    1.06661423695149e+019
 8.80481436362287e+000    1.02555995211025e+019
 7.92257400639528e+000    1.16204890269218e+019
 7.62848418426679e+000    1.21729296103827e+019
 1.01840280961592e+001    8.70455289961361e+018
 1.04780815318403e+001    8.46031864719677e+018
 1.07762684679414e+001    8.25260586398381e+018
 9.88996738318859e+000    8.98811062097374e+018
 9.59590667021799e+000    9.28090546022729e+018
 1.21636837057122e+001    7.28726406468978e+018
 1.24618560872343e+001    7.15967442176931e+018
 1.27559095229155e+001    6.95878670816526e+018
 1.18655040469007e+001    7.44385546512239e+018
 1.15714506112195e+001    7.65874624529715e+018
 1.51496210715372e+001    5.89158569344548e+018
 1.48514632445941e+001    5.95359172936415e+018
 1.45574098089129e+001    6.12546126358059e+018
 1.81272186636277e+001    4.90222839586748e+018
 1.78290462821056e+001    4.98958901224434e+018
 1.75308739005835e+001    5.07850644659813e+018
 2.01771073938716e+001    4.44235010069091e+018
 2.04753016072622e+001    4.31772496162015e+018
 2.07734448796264e+001    4.30360602525813e+018
 1.98789568442180e+001    4.47298499407133e+018
 1.95807771854064e+001    4.56910213462200e+018
 2.31587511589083e+001    3.87333048833417e+018
 2.34569308177199e+001    3.79184982977647e+018
 2.37550595355052e+001    3.80673850408496e+018
 2.28605860546757e+001    3.92820004496021e+018
 2.25624500596010e+001    3.92693644296218e+018
 2.71838854612855e+001    3.35676530215650e+018
 2.74820796746761e+001    3.26259502445954e+018
 2.77802229470403e+001    3.25192635706297e+018
 2.68857494662108e+001    3.35568551617458e+018
 2.65876061938466e+001    3.36669458856080e+018
 2.81902254358733e+001    3.14972834827888e+018
 2.91964999148557e+001    3.05270574713391e+018
 2.97927064093999e+001    3.15517981917460e+018

Line #3 - NH2D
 1.02382730118809e+000    1.65350690030859e+018
 1.30146317182117e+000    1.49552842274205e+018
 1.91456025522910e+000    1.31474942212318e+018
 2.18394367960132e+000    1.17213868932058e+018
 2.73935368936744e+000    8.95518748139189e+017
 2.99634388976944e+000    7.86966249559890e+017
 3.41101112115377e+000    5.88318708289763e+017
 3.62669542651466e+000    4.91591083546915e+017
 4.04566353597674e+000    3.39542605561140e+017
 4.16209289023373e+000    2.66858957675483e+017
 4.40735937729689e+000    1.66030167840480e+017
 4.53205573239369e+000    1.31432503244884e+017
 4.76489260903927e+000    8.20662087679572e+016
 4.88958896413606e+000    6.49651047787478e+016
 5.08518067326571e+000    4.01270926329757e+016
 5.16849836042668e+000    3.13101605864419e+016
 5.31442984620176e+000    1.90621021771217e+016
 5.39361403294283e+000    1.48202067252101e+016
 5.56036584389632e+000    8.51832879410456e+015
 5.63126847521865e+000    6.62268328522898e+015
 5.77299368767911e+000    4.16463809212573e+015
 5.84803709671081e+000    3.23786543024523e+015
 5.99389580959118e+000    2.04346031426032e+015
 6.07307271904277e+000    1.59445353499698e+015
 6.24796781691504e+000    9.81290341961490e+014
 6.33128550407601e+000    7.65676159739768e+014
 6.50620971110616e+000    4.64496040055877e+014
 6.59366817597650e+000    3.62436190563811e+014
 6.77694671132012e+000    2.12104759728014e+014
 6.85612362077171e+000    1.65499266894465e+014
 7.00606489304568e+000    1.07498637435991e+014
