Generated by GetData Graph Digitizer 2.26.0.20 on April 07 2016, 15:22
from file 'C:\Users\abayless\Dropbox\Proposals\KathyIR&D2016\digiplots\willacy2009 Figure 3f.jpg'

Line #1 - HCO+
 9.96264009962640e-001    4.21720122305663e+012
 1.12079701120797e+000    5.32367243045484e+012
 1.23287671232877e+000    6.76880141325354e+012
 1.34080531340805e+000    8.60621557216071e+012
 1.45288501452885e+000    1.09032493628894e+013
 1.56496471564965e+000    1.38629734756757e+013
 1.67289331672893e+000    1.76261247625322e+013
 1.78082191780822e+000    2.25720359664057e+013
 1.91365711913657e+000    2.83923285459355e+013
 2.10460772104608e+000    3.39654338841557e+013
 2.35367372353674e+000    3.85054741145091e+013
 2.63594852635949e+000    4.24183722323642e+013
 2.92652552926526e+000    4.50835692316180e+013
 3.22125363221254e+000    4.55709897209965e+013
 3.51598173515982e+000    4.46013621188837e+013
 3.81070983810710e+000    4.31854664012827e+013
 4.10543794105438e+000    4.15158238171332e+013
 4.40016604400166e+000    3.93425779328712e+013
 4.69074304690743e+000    3.75513377791936e+013
 4.98547114985471e+000    3.70167700512703e+013
 5.28019925280199e+000    3.85054741145091e+013
 5.57077625570776e+000    4.09248190507708e+013
 5.85305105853051e+000    4.46013621188837e+013
 6.11872146118721e+000    5.00222544853880e+013
 6.36363636363636e+000    5.77340714365753e+013
 6.60024906600249e+000    6.75970901927747e+013
 6.84101286841013e+000    7.85797009461955e+013
 7.09838107098381e+000    8.94030640217731e+013
 7.37235367372354e+000    1.00269198244444e+014
 7.64632627646326e+000    1.11652701429453e+014
 7.92444997924450e+000    1.22120145398722e+014
 8.21087588210876e+000    1.31196356621288e+014
 8.50145288501453e+000    1.39439580431590e+014
 8.79618098796181e+000    1.44528434428361e+014
 9.09506019095060e+000    1.45047424381164e+014
 9.38978829389788e+000    1.41961206874009e+014
 9.68451639684517e+000    1.37454567270882e+014
 9.97924449979245e+000    1.34048547734589e+014
 1.02781237027812e+001    1.32614784519498e+014
 1.05770029057700e+001    1.32140279432265e+014
 1.08758821087588e+001    1.32140279432265e+014
 1.11747613117476e+001    1.32140279432265e+014
 1.14736405147364e+001    1.32614784519498e+014
 1.17725197177252e+001    1.34529905259407e+014
 1.20713989207140e+001    1.36472682700352e+014
 1.23702781237028e+001    1.37948155537182e+014
 1.26691573266916e+001    1.39439580431590e+014
 1.29680365296804e+001    1.40947129849062e+014
 1.32669157326692e+001    1.42982579912813e+014
 1.35657949356580e+001    1.45047424381164e+014
 1.38646741386467e+001    1.44011301458349e+014
 1.41594022415940e+001    1.37948155537182e+014
 1.44458281444583e+001    1.28865943902981e+014
 1.47364051473641e+001    1.19950951471942e+014
 1.50269821502698e+001    1.13265103884799e+014
 1.53217102532171e+001    1.08108222644452e+014
 1.56164383561644e+001    1.03928527314855e+014
 1.59111664591117e+001    9.84881380011495e+013
 1.61975923619759e+001    9.06941543232042e+013
 1.64715649647156e+001    8.14474708002600e+013
 1.67455375674554e+001    7.36697771132600e+013
 1.70236612702366e+001    7.00640491547343e+013
 1.73142382731424e+001    7.13310879572371e+013
 1.76089663760897e+001    7.50020219278310e+013
 1.79036944790369e+001    7.80183795041521e+013
 1.81984225819842e+001    7.74610677714549e+013
 1.84931506849315e+001    7.41998115203709e+013
 1.87878787878788e+001    7.05681413104146e+013
 1.90826068908261e+001    6.75970901927747e+013
 1.93773349937733e+001    6.56862118680750e+013
 1.96762141967621e+001    6.36009655511231e+013
 1.99626400996264e+001    6.02716196798262e+013
 2.02283105022831e+001    5.41266526005971e+013
 2.04856787048568e+001    4.74037189804510e+013
 2.07430469074305e+001    4.13672772604784e+013
 2.10128684101287e+001    3.71496942873754e+013
 2.12951432129514e+001    3.45796650511273e+013
 2.15898713158987e+001    3.27695091191979e+013
 2.18804483188045e+001    3.10541101634582e+013
 2.21710253217103e+001    2.91137449830592e+013
 2.24616023246160e+001    2.71969582571286e+013
 2.27521793275218e+001    2.54976008922863e+013
 2.30427563304276e+001    2.42496344124732e+013
 2.33416355334164e+001    2.35641300416706e+013
 2.36405147364051e+001    2.32286793173599e+013
 2.39393939393939e+001    2.32286793173599e+013
 2.42382731423827e+001    2.32286793173599e+013
 2.45371523453715e+001    2.32286793173599e+013
 2.48360315483603e+001    2.32286793173599e+013
 2.51349107513491e+001    2.33958034726430e+013
 2.54337899543379e+001    2.36487469323645e+013
 2.57326691573267e+001    2.39044250873868e+013
 2.60315483603155e+001    2.41628675038367e+013
 2.63304275633043e+001    2.44241040674948e+013
 2.66293067662931e+001    2.46881649872513e+013
 2.69281859692819e+001    2.49550807985999e+013
 2.72270651722707e+001    2.52248823671679e+013
 2.75259443752594e+001    2.54976008922863e+013
 2.78248235782482e+001    2.57732679105972e+013
 2.81237027812370e+001    2.60519152997009e+013
 2.84225819842258e+001    2.63335752818419e+013
 2.87214611872146e+001    2.64281370270565e+013
 2.90203403902034e+001    2.64281370270565e+013
 2.93192195931922e+001    2.64281370270565e+013
 2.96180987961810e+001    2.64281370270565e+013
 2.99169779991698e+001    2.64281370270565e+013

Line #2 - DCO+
 1.00871731008717e+000    1.96888642893772e+008
 1.07928601079286e+000    2.53041225565887e+008
 1.41967621419676e+000    9.26243223780015e+008
 1.78082191780822e+000    4.08515374904951e+009
 1.83063511830635e+000    5.26909157168753e+009
 1.98007471980075e+000    9.15105368846310e+009
 3.96014943960149e+000    1.22339210710475e+010
 3.66542133665421e+000    1.18880846669348e+010
 4.78621834786218e+000    1.05997775307147e+010
 4.49149024491490e+000    1.11452771793611e+010
 5.71606475716065e+000    1.12254644775087e+010
 5.42133665421337e+000    1.07528513667959e+010
 6.57534246575342e+000    1.14695045625383e+010
 6.27646326276463e+000    1.14695045625383e+010
 7.40971357409714e+000    1.31903663948638e+010
 7.13989207139892e+000    1.18455482584012e+010
 7.98256537982565e+000    1.64730376631404e+010
 8.18181818181818e+000    1.99195725873949e+010
 8.55126608551266e+000    2.83034175992292e+010
 8.74221668742217e+000    3.44713783795530e+010
 9.53507679535077e+000    1.02494950797904e+011
 9.68866749688667e+000    1.27544748060080e+011
 1.00083022000830e+001    2.02525568482090e+011
 1.01992528019925e+001    2.47546250939824e+011
 1.05354919053549e+001    3.73834612831784e+011
 1.07222914072229e+001    4.56936660253011e+011
 1.11374014113740e+001    6.58630379972655e+011
 1.14196762141968e+001    7.17799437138992e+011
 1.19219593192196e+001    8.43442834179421e+011
 1.22166874221669e+001    8.80514130710200e+011
 1.28144458281445e+001    9.22515624134558e+011
 1.31133250311333e+001    9.35837885382212e+011
 1.37110834371108e+001    8.93229838688129e+011
 1.40099626400996e+001    8.77363588816128e+011
 1.45662100456621e+001    1.09179151774302e+012
 1.48360315483603e+001    1.22010759886827e+012
 1.54254877542549e+001    1.55688058413765e+012
 1.56911581569116e+001    1.75866810731529e+012
 1.62889165628892e+001    2.13425808455526e+012
 1.72229140722291e+001    2.76268263712134e+012
 1.81942714819427e+001    2.95739093342155e+012
 1.78953922789539e+001    2.97866857279300e+012
 1.90950601909506e+001    2.71360969851242e+012
 1.88003320880033e+001    2.85326103862900e+012
 1.99128268991283e+001    2.20423271106728e+012
 1.96222498962225e+001    2.35958258370712e+012
 2.08136156081362e+001    1.60792508441961e+012
 2.05396430053964e+001    1.77768192729742e+012
 2.16355334163553e+001    1.28289837580343e+012
 2.13491075134911e+001    1.38319509550130e+012
 2.25280199252802e+001    1.15623812516405e+012
 2.22291407222914e+001    1.15623812516405e+012
 2.34246575342466e+001    1.17714754429112e+012
 2.31257783312578e+001    1.15210102329845e+012
 2.42839352428394e+001    1.23772745457274e+012
 2.39850560398506e+001    1.22010759886827e+012
 2.51847239518472e+001    1.31078841361369e+012
 2.48858447488584e+001    1.27373419780797e+012
 2.60772104607721e+001    1.36350441327250e+012
 2.57783312577833e+001    1.35862569795500e+012
 2.70112079701121e+001    1.40317013542112e+012
 2.67123287671233e+001    1.39814949334171e+012
 2.79078455790785e+001    1.44917502436564e+012
 2.76089663760897e+001    1.44398977353676e+012
 2.87297633872976e+001    1.45437889501209e+012
 2.84308841843088e+001    1.45437889501209e+012
 2.96637608966376e+001    1.49133299122051e+012
 2.93648816936488e+001    1.47010289568087e+012
