Generated by GetData Graph Digitizer 2.26.0.20 on April 07 2016, 15:13
from file 'C:\Users\abayless\Dropbox\Proposals\KathyIR&D2016\digiplots\willacy2009 Figure 3e.jpg'

Line #1 - C2H2
 1.03519668737060e+000    1.95980854598735e+019
 1.31677018633540e+000    1.81014513696284e+019
 1.59420289855072e+000    1.64803454070174e+019
 1.87163561076605e+000    1.50044203190418e+019
 2.15320910973085e+000    1.37098400391564e+019
 2.43064182194617e+000    1.24820322252918e+019
 2.71221532091097e+000    1.13641320280373e+019
 2.98964803312629e+000    1.03836819524110e+019
 3.27122153209110e+000    9.52196845532745e+018
 3.55279503105590e+000    8.76323169326811e+018
 3.83436853002070e+000    8.06495317330453e+018
 4.12008281573499e+000    7.47587197014039e+018
 4.40165631469979e+000    6.90496697701093e+018
 4.68737060041408e+000    6.40061361410608e+018
 4.97308488612836e+000    5.91179575146549e+018
 5.25051759834369e+000    5.42121614037691e+018
 5.52795031055901e+000    4.93570999889072e+018
 5.80538302277433e+000    4.49368417756097e+018
 6.07453416149068e+000    4.03283598683583e+018
 6.33540372670807e+000    3.56757962614203e+018
 6.59627329192547e+000    3.12212441621354e+018
 6.84472049689441e+000    2.70299955006012e+018
 7.06418219461698e+000    2.29849916889915e+018
 7.22981366459627e+000    1.89237936061824e+018
 7.44927536231884e+000    1.62080575529858e+018
 7.67701863354037e+000    1.37824195642169e+018
 7.89233954451346e+000    1.15110465559623e+018
 8.08281573498965e+000    9.40898180362920e+017
 8.25258799171843e+000    7.60840400111395e+017
 8.41821946169772e+000    6.13033556351760e+017
 8.58799171842650e+000    4.95718565548164e+017
 8.75776397515528e+000    4.00853907070831e+017
 8.92339544513458e+000    3.22980872457812e+017
 9.08074534161491e+000    2.59303973648196e+017
 9.23809523809524e+000    2.08181215927971e+017
 9.39130434782609e+000    1.66538119052897e+017
 9.54037267080745e+000    1.32747244641545e+017
 9.68944099378882e+000    1.05812597501027e+017
 9.83850931677019e+000    8.43430371767607e+016
 9.98757763975155e+000    6.72296880353151e+016
 1.01366459627329e+001    5.35886672405859e+016
 1.02857142857143e+001    4.27154333233518e+016
 1.04347826086957e+001    3.41710930827775e+016
 1.05838509316770e+001    2.72377187812942e+016
 1.07329192546584e+001    2.17111382012765e+016
 1.08819875776398e+001    1.73059104464596e+016
 1.10310559006211e+001    1.37945110755764e+016
 1.11801242236025e+001    1.09955807527670e+016
 1.13291925465839e+001    8.76455826728663e+015
 1.14782608695652e+001    6.98621412982952e+015
 1.16273291925466e+001    5.58876627844280e+015
 1.17763975155280e+001    4.47084900843450e+015
 1.19296066252588e+001    3.57653201858426e+015
 1.20910973084886e+001    2.88173963901789e+015
 1.22650103519669e+001    2.33865377321348e+015
 1.24347826086957e+001    1.89111033443326e+015
 1.26045548654244e+001    1.52372154961596e+015
 1.27784679089027e+001    1.23656457477557e+015
 1.29482401656315e+001    1.00352901134188e+015
 1.31097308488613e+001    8.05675876604631e+014
 1.32629399585921e+001    6.42199968382441e+014
 1.34120082815735e+001    5.13741127972040e+014
 1.35610766045549e+001    4.10977825543599e+014
 1.37101449275362e+001    3.27589708950406e+014
 1.38716356107660e+001    2.63002985406824e+014
 1.40496894409938e+001    2.13437108424253e+014
 1.42360248447205e+001    1.73835108327376e+014
 1.44347826086957e+001    1.44148527078146e+014
 1.46625258799172e+001    1.24800314541284e+014

Line #2 - CH4
 1.00621118012422e+000    6.42609020306526e+018
 1.29606625258799e+000    5.99969635993387e+018
 2.12422360248447e+000    4.95387244373018e+018
 3.83850931677019e+000    3.05356585644946e+018
 5.51552795031056e+000    2.05940659685855e+018
 6.33540372670807e+000    1.86714736458726e+018
 7.04347826086957e+000    1.80628800079818e+018
 7.41614906832298e+000    1.92633515077295e+018
 8.23188405797102e+000    2.37968266262614e+018
 7.96273291925466e+000    2.12920337101638e+018
 9.76397515527950e+000    4.31643663398567e+018
 1.06997929606625e+001    5.91779532770013e+018
 1.04182194616977e+001    5.41049537743155e+018
 1.14824016563147e+001    7.12897839234353e+018
 1.11884057971014e+001    6.78100951324835e+018
 1.23354037267081e+001    8.49522881833317e+018
 1.39337474120083e+001    9.82824545003781e+018
 1.42318840579710e+001    1.00033909965484e+019
 1.58385093167702e+001    1.13258578506183e+019
 1.65838509316770e+001    1.17312352720417e+019
 1.68819875776398e+001    1.20698418478922e+019
 1.83312629399586e+001    1.29033972289891e+019
 1.86293995859213e+001    1.30861870125258e+019
 2.00869565217391e+001    1.38895232494725e+019
 2.03850931677019e+001    1.41370433335676e+019
 2.09772256728778e+001    1.43327610597925e+019
 2.12753623188406e+001    1.45881799218453e+019
 2.18757763975155e+001    1.47900111496789e+019
 2.21739130434783e+001    1.50535784973685e+019
 2.28074534161491e+001    1.52613030720604e+019
 2.31055900621118e+001    1.55332691397179e+019
 2.37018633540373e+001    1.55232774103591e+019
 2.40000000000000e+001    1.55182839561195e+019
 2.45217391304348e+001    1.57343192027631e+019
 2.48198757763975e+001    1.60147147168708e+019
 2.54534161490683e+001    1.60037696805182e+019
 2.57515527950311e+001    1.59986216638045e+019
 2.63436853002070e+001    1.60460172696450e+019
 2.66418219461698e+001    1.62733254716087e+019
 2.73913043478261e+001    1.64958173339025e+019
 2.83975155279503e+001    1.64779154239390e+019
 2.80993788819876e+001    1.64832176672067e+019
 2.92587991718427e+001    1.65219314694740e+019
 2.89606625258799e+001    1.65272478761705e+019
 2.98509316770186e+001    1.69934229844909e+019
