Generated by GetData Graph Digitizer 2.26.0.20 on April 07 2016, 14:56
from file 'C:\Users\abayless\Dropbox\Proposals\KathyIR&D2016\digiplots\willacy2009 Figure 3d.jpg'

Line #1 - H20
 1.04063018242123e+000    3.91929145912718e+021
 1.23134328358209e+000    3.21710770717511e+021
 1.41376451077944e+000    2.62175122282045e+021
 1.60033167495854e+000    2.14428959546326e+021
 1.79519071310116e+000    1.76013250941286e+021
 1.95273631840796e+000    1.41893121065395e+021
 2.03980099502488e+000    1.11525939766712e+021
 2.08126036484245e+000    8.63970502825505e+020
 2.10199004975124e+000    6.66868669298932e+020
 2.12686567164179e+000    5.14737250802983e+020
 2.16003316749585e+000    3.98750141672539e+020
 2.19320066334992e+000    3.08898715287906e+020
 2.21807628524046e+000    2.38430267913210e+020
 2.24295190713101e+000    1.84037646787166e+020
 2.27611940298507e+000    1.42056047959767e+020
 2.31343283582090e+000    1.10047166822049e+020
 2.34245439469320e+000    8.49430863680628e+019
 2.36733001658375e+000    6.55651896163942e+019
 2.39220563847430e+000    5.06079337735248e+019
 2.42537313432836e+000    3.90635459254192e+019
 2.45854063018242e+000    3.02612535768363e+019
 2.49170812603648e+000    2.34424050952759e+019
 2.51658374792703e+000    1.80945360105725e+019
 2.54145936981758e+000    1.39666656261259e+019
 2.57462686567164e+000    1.07806710021535e+019
 2.60779436152571e+000    8.35143382906068e+018
 2.64096185737977e+000    6.46958310732674e+018
 2.66583747927032e+000    4.99369002596523e+018
 2.69071310116086e+000    3.85448948745767e+018
 2.72388059701493e+000    2.97522573804659e+018
 2.75704809286899e+000    2.30481023610228e+018
 2.79021558872305e+000    1.78546123627231e+018
 2.81923714759536e+000    1.37815985980586e+018
 2.84411276948590e+000    1.06376300171556e+018
 2.87313432835821e+000    8.21096218460490e+017
 2.90630182421227e+000    6.36076431086246e+017
 2.93117744610282e+000    4.90969584434233e+017
 2.94776119402985e+000    3.76242378502395e+017
 3.00165837479270e+000    2.92526077766878e+017
 3.14676616915423e+000    2.40093211884413e+017
 3.37479270315091e+000    2.07273425293631e+017
 3.63598673300166e+000    1.82857014610736e+017
 3.90132669983416e+000    1.61318253591970e+017
 4.15422885572139e+000    1.40279742740378e+017
 4.39469320066335e+000    1.20672460191802e+017
 4.63515754560531e+000    1.03061624415210e+017
 4.87147595356551e+000    8.77040641630591e+016
 5.09535655058043e+000    7.38319283425524e+016
 5.31094527363184e+000    6.19296659082026e+016
 5.52653399668325e+000    5.19461377428383e+016
 5.74626865671642e+000    4.37294353257896e+016
 5.95771144278607e+000    3.65478904177927e+016
 6.15671641791045e+000    3.01085832980513e+016
 6.33913764510779e+000    2.45367026111696e+016
 6.52155887230514e+000    1.98526134983375e+016
 6.70398009950249e+000    1.60627232175426e+016
 6.91127694859038e+000    1.33764706110462e+016
 7.15588723051410e+000    1.20144797719827e+016
 7.44195688225539e+000    1.19357226543808e+016
 7.74046434494196e+000    1.22920996934761e+016
 8.03482587064677e+000    1.29351870221463e+016
 8.32504145936982e+000    1.37594808875569e+016
 8.61525704809287e+000    1.46363028204313e+016
 8.90547263681592e+000    1.54018943030938e+016
 9.19983416252073e+000    1.60337162078860e+016
 9.49834162520730e+000    1.66316729907579e+016
 9.79684908789386e+000    1.70054803077283e+016
 1.00870646766169e+001    1.67730540796106e+016
 1.03772802653400e+001    1.58448835985240e+016
 1.06633499170813e+001    1.47011428779822e+016
 1.09411276948590e+001    1.33965940470945e+016
 1.12023217247098e+001    1.19038319642401e+016
 1.14510779436153e+001    1.03885885396604e+016
 1.16956882255390e+001    8.96883083448119e+015
 1.19320066334992e+001    7.65985878204110e+015
 1.21475953565506e+001    6.44818491914966e+015
 1.23466003316750e+001    5.33123326737008e+015
 1.25414593698176e+001    4.39189356187483e+015
 1.27404643449420e+001    3.63113176147921e+015
 1.29477611940299e+001    3.02387874300269e+015
 1.31592039800995e+001    2.52727683567361e+015
 1.33747927031509e+001    2.11986079199561e+015
 1.36028192371476e+001    1.79100960942492e+015
 1.38225538971808e+001    1.50771245536946e+015
 1.40132669983416e+001    1.24652488330948e+015
 1.41583747927032e+001    9.97656144228025e+014
 1.42827529021559e+001    7.87032380951346e+014
 1.44029850746269e+001    6.20869655059922e+014
 1.45232172470978e+001    4.89788143288677e+014
 1.46475953565506e+001    3.87777120901608e+014
 1.47678275290216e+001    3.05907422771204e+014
 1.48880597014925e+001    2.41322518174724e+014
 1.50165837479270e+001    1.91062584789789e+014
 1.51492537313433e+001    1.50187208564264e+014
 1.53026533996683e+001    1.19772868781114e+014
 1.54975124378109e+001    1.01550047727267e+014
 1.57669983416252e+001    9.73164789059576e+013
 1.60655058043118e+001    9.73791956690582e+013
 1.63681592039801e+001    9.81463730211324e+013
 1.66708126036484e+001    9.92760574683561e+013
 1.69693200663350e+001    9.96980152799125e+013
 1.72678275290216e+001    9.90471352901392e+013
 1.75663349917081e+001    9.87550970893603e+013
 1.78648424543947e+001    9.88187409870717e+013
 1.81633499170813e+001    9.88824259008505e+013
 1.88349917081260e+001    2.42513086951207e+014
 1.89842454394693e+001    3.02112688545463e+014
 1.92537313432836e+001    3.21350420456609e+014
 1.95646766169154e+001    3.20411527120698e+014
 1.98714759535655e+001    3.13778029088461e+014
 2.01699834162521e+001    3.03978293730682e+014
 2.04643449419569e+001    2.91321236315966e+014
 2.07587064676617e+001    2.72249036599827e+014
 2.09908789386401e+001    2.38442002278665e+014
 2.10986733001658e+001    1.90136510797113e+014
 2.11691542288557e+001    1.46248478418304e+014

Line #2 - HDO
 1.04477611940299e+000    3.95117609508108e+019
 1.23134328358209e+000    3.23160554547617e+019
 1.67910447761194e+000    2.00477722214287e+019
 1.86567164179104e+000    1.63967614518286e+019
 1.48839137645108e+000    2.45115217373519e+019
 2.01492537313433e+000    1.27510026077674e+019
 1.87396351575456e+000    1.60469567165783e+019
 2.07296849087894e+000    6.91871767433980e+018
 2.09369817578773e+000    5.34031663540931e+018
 2.05223880597015e+000    8.96363596492122e+018
 2.14344941956882e+000    2.87684272812751e+018
 2.16417910447761e+000    2.22053446919145e+018
 2.12686567164179e+000    3.72716490241455e+018
 2.22222222222222e+000    1.24004187954881e+018
 2.23880597014925e+000    9.57136471596016e+017
 2.19734660033168e+000    1.60653824218014e+018
 2.16417910447761e+000    2.08131594402909e+018
 2.27611940298507e+000    7.15271719538306e+017
 2.24295190713101e+000    9.23327567854818e+017
 2.28026533996683e+000    5.52073509543765e+017
 2.31343283582090e+000    3.86696911650204e+017
 2.29270315091211e+000    5.00990285764549e+017
 2.33416252072969e+000    2.98477846235291e+017
 2.35074626865672e+000    2.30382567965504e+017
 2.38805970149254e+000    1.61371670897380e+017
 2.35489220563847e+000    2.08310923443922e+017
 2.40878938640133e+000    1.24557159164514e+017
 2.42537313432836e+000    9.61404625125432e+016
 2.45854063018242e+000    6.93070735056863e+016
 2.42537313432836e+000    8.97892831518456e+016
 2.53316749585406e+000    2.90266120362007e+016
 2.50000000000000e+000    3.76048007111909e+016
 2.47927031509121e+000    4.87193956993903e+016
 2.59535655058043e+000    1.21127089625443e+016
 2.61194029850746e+000    9.34929352716489e+015
 2.64510779436153e+000    7.24259243464404e+015
 2.57462686567164e+000    1.56927799051500e+016
 2.55389718076285e+000    2.03309880484201e+016
 2.66998341625207e+000    5.05472897633993e+015
 2.68656716417910e+000    3.90153392161922e+015
 2.71973466003317e+000    3.02239094131803e+015
 2.64925373134328e+000    6.54872081473876e+015
 2.74461028192371e+000    2.10937826569257e+015
 2.76119402985075e+000    1.62814087474280e+015
 2.78192371475954e+000    1.25670510164422e+015
 2.72388059701493e+000    2.73283284214792e+015
 2.80265339966833e+000    9.09191294825234e+014
 2.79436152570481e+000    1.17794639769018e+015
 2.87728026533997e+000    3.79412697622002e+014
 2.87313432835821e+000    4.91570720114842e+014
 2.83996683250415e+000    6.34557169022773e+014
 2.94776119402985e+000    1.58330494192905e+014
 2.92703150912106e+000    2.05127160681072e+014
 2.91044776119403e+000    2.65757577342461e+014
 2.98507462686567e+000    1.10902732908780e+014

Line #3 - OH
 1.04477611940299e+000    2.29734123026217e+017
 1.38474295190713e+000    1.89997477348538e+017
 1.14427860696517e+000    2.20868930669108e+017
 2.10199004975124e+000    1.27648727705679e+017
 2.58291873963516e+000    9.89809086489428e+016
 2.83582089552239e+000    8.63823630339471e+016
 1.84908789386401e+000    1.46265818767013e+017
 3.35406301824212e+000    7.67995024029262e+016
 3.65257048092869e+000    7.68489967563245e+016
 4.25787728026534e+000    7.42307105542676e+016
 4.55223880597015e+000    7.13962471182764e+016
 5.18656716417910e+000    6.77387264912123e+016
 5.48507462686567e+000    6.77823815197321e+016
 6.04477611940299e+000    6.78643105423892e+016
 6.41791044776119e+000    7.01537580131274e+016
 6.90298507462687e+000    6.99750816920890e+016
 7.20149253731343e+000    7.02725001541757e+016
 7.83582089552239e+000    7.40032341806228e+016
 8.13432835820895e+000    7.51240989163583e+016
 8.68988391376451e+000    7.28182526756408e+016
 8.98839137645108e+000    7.28651812652671e+016
 9.55223880597015e+000    6.83799919696250e+016
 9.84660033167496e+000    6.62437945464754e+016
 1.04850746268657e+001    6.21761957768265e+016
 1.07794361525705e+001    6.02338055340972e+016
 1.13391376451078e+001    5.75514654513821e+016
 1.16376451077944e+001    5.63589655891231e+016
 1.22388059701493e+001    5.48313492307227e+016
 1.25373134328358e+001    5.48666859463422e+016
 1.31343283582090e+001    5.49374277117584e+016
 1.34328358208955e+001    5.49728327909176e+016
 1.40215588723051e+001    5.50427263647294e+016
 1.43159203980100e+001    5.33231863818102e+016
 1.48880597014925e+001    4.98621115875317e+016
 1.51824212271973e+001    4.84784825465949e+016
 1.58208955223881e+001    4.69989024456487e+016
 1.61194029850746e+001    4.61909120694122e+016
 1.66791044776119e+001    4.27280298141996e+016
 1.69734660033168e+001    4.06553823363874e+016
 1.75746268656716e+001    4.15962995658647e+016
 1.78731343283582e+001    4.22263237240882e+016
 1.84701492537313e+001    4.04945452691608e+016
 1.87645107794362e+001    3.92294918410466e+016
 1.93656716417910e+001    3.77565250690819e+016
 1.96641791044776e+001    3.77808577110442e+016
 2.02611940298507e+001    3.54578090960102e+016
 2.05514096185738e+001    3.33754099171273e+016
 2.10779436152570e+001    3.09823278371635e+016
 2.13723051409619e+001    3.01225959247661e+016
 2.19776119402985e+001    2.82709402324631e+016
 2.22678275290216e+001    2.66106181700671e+016
 2.28358208955224e+001    2.34914882981997e+016
 2.31260364842454e+001    2.22715084602942e+016
 2.37313432835821e+001    2.06038656751273e+016
 2.40257048092869e+001    1.99601989607224e+016
 2.54850746268657e+001    1.44855576359462e+016
 2.57752902155887e+001    1.37332814058350e+016
 2.63391376451078e+001    1.18645926670304e+016
 2.66169154228856e+001    1.08507142445564e+016
 2.74668325041459e+001    8.42052425824210e+015
 2.71849087893864e+001    9.10842248879491e+015
 2.83208955223881e+001    6.30379198165756e+015
 2.80597014925373e+001    7.14552055417827e+015
 2.90754560530680e+001    4.17500234920489e+015
 2.88349917081260e+001    4.87086073785484e+015
 2.96973466003317e+001    2.41983642866206e+015
 2.94859038142620e+001    2.89532663572427e+015
