Generated by GetData Graph Digitizer 2.26.0.20 on April 07 2016, 10:54
from file 'C:\Users\abayless\Dropbox\Proposals\KathyIR&D2016\digiplots\willacy2009 Figure 3a.jpg'

Line #1 - CO
 1.07897778292416e+000    1.10945387192551e+021
 1.36525740769467e+000    1.03225319164088e+021
 1.64736409364570e+000    9.50138263684107e+020
 1.92946349698099e+000    8.71420818822455e+020
 2.21156290031628e+000    7.99224989142915e+020
 2.49366958626732e+000    7.35647271063496e+020
 2.77992736319060e+000    6.77124082460004e+020
 3.06204133175738e+000    6.25501398108515e+020
 3.34831367391214e+000    5.79890265190256e+020
 3.63459329868265e+000    5.39538949920674e+020
 3.92087292345315e+000    5.01995456650744e+020
 4.20715983083940e+000    4.68744539435996e+020
 4.49760511181364e+000    4.39268605373653e+020
 4.78805767540362e+000    4.13126981405469e+020
 5.08269046042881e+000    3.94160241520107e+020
 5.37734509330123e+000    3.80137245398281e+020
 5.67201429140513e+000    3.69255466082140e+020
 5.97086371094424e+000    3.63872557733438e+020
 6.26974226094632e+000    3.63755423536291e+020
 6.56862809356413e+000    3.64946415075737e+020
 6.86751392618195e+000    3.66141306105761e+020
 7.16641432403125e+000    3.69987671109449e+020
 7.46532928711203e+000    3.76569099882507e+020
 7.76423696757707e+000    3.81893843490015e+020
 8.06313008281062e+000    3.84522478103824e+020
 8.36200135019696e+000    3.83020885084921e+020
 8.66086533496755e+000    3.80157644222619e+020
 8.95972931973815e+000    3.77315807279932e+020
 9.25857873927726e+000    3.71815397412871e+020
 9.55741359358489e+000    3.63773316598017e+020
 9.85209007430453e+000    3.54631084329560e+020
 1.01467738376399e+001    3.46962238482419e+020
 1.04456159745633e+001    3.40678817337623e+020
 1.07444653941024e+001    3.35712491802811e+020
 1.10433220962572e+001    3.32008592080580e+020
 1.13421933636436e+001    3.30712070258130e+020
 1.16410646310299e+001    3.29420611463795e+020
 1.19399213331848e+001    3.25786129753729e+020
 1.22387780353396e+001    3.22191747104988e+020
 1.25376493027260e+001    3.20933560898068e+020
 1.28365278527280e+001    3.20830249191279e+020
 1.31354064027301e+001    3.20726970741555e+020
 1.34342776701164e+001    3.19474504611059e+020
 1.37331416548870e+001    3.17086299446050e+020
 1.40319837918104e+001    3.11343925960743e+020
 1.43266457072986e+001    3.01347405159296e+020
 1.46213003401710e+001    2.90626401240752e+020
 1.49159841035064e+001    2.84341647397365e+020
 1.52148699361242e+001    2.85272625946276e+020
 1.57752016738364e+001    2.76034184193008e+020
 1.65222669617583e+001    2.58549194418562e+020
 1.68085393039130e+001    2.39695964500619e+020
 1.71073450277577e+001    2.31167293482309e+020
 1.74061871646811e+001    2.26980897100371e+020
 1.77050365842202e+001    2.23672029722019e+020
 1.80038787211435e+001    2.19621371162742e+020
 1.82985406366317e+001    2.12569845752391e+020
 1.85931879868884e+001    2.04272457912693e+020
 1.88878353371451e+001    1.96298947830532e+020
 1.91824972526332e+001    1.89996250550554e+020
 1.94813248243251e+001    1.85220498539831e+020
 1.97801596786327e+001    1.81214321742987e+020
 2.00789726850931e+001    1.75395171994396e+020
 2.03736200353498e+001    1.68548849261758e+020
 2.06682673856065e+001    1.61969763844870e+020
 2.09629147358632e+001    1.55647484482205e+020
 2.12575475208884e+001    1.48501678265575e+020
 2.15521875885293e+001    1.42193606069130e+020
 2.18468203735545e+001    1.35665470021226e+020
 2.21372656545287e+001    1.27134455550756e+020
 2.24193723404798e+001    1.17021009796446e+020
 2.27014717438151e+001    1.07326005144608e+020
 2.29835857123818e+001    9.91436695434906e+019
 2.32740309933561e+001    9.29092454162703e+019
 2.35644908395618e+001    8.76943832695539e+019
 2.38549579683833e+001    8.30699739443408e+019
 2.41495689055612e+001    7.84070253230219e+019
 2.44400287517669e+001    7.40061519055089e+019
 2.47346469715607e+001    7.01032539462463e+019
 2.50292797565859e+001    6.68847999537417e+019
 2.53239489546898e+001    6.49701608555962e+019
 2.56227910916131e+001    6.37935634129281e+019
 2.59216259459208e+001    6.24137577459116e+019
 2.62204608002284e+001    6.10637962132697e+019
 2.65192956545360e+001    5.97430333093504e+019
 2.68181305088436e+001    5.84508374902924e+019
 2.71169726457670e+001    5.73923037725486e+019
 2.74158220653061e+001    5.65556539744932e+019
 2.77105058286415e+001    5.53326461466978e+019
 2.80093406829491e+001    5.41358436067606e+019
 2.83081828198725e+001    5.31554536199486e+019
 2.86070322394116e+001    5.23805675008458e+019
 2.89058889415665e+001    5.18026552272368e+019
 2.92089185825408e+001    5.17857478666460e+019
 2.95285453047884e+001    5.15823667966927e+019
 2.98148759078691e+001    4.92146504707626e+019

Line #2 - CO2
 1.07189908042411e+000    3.38316429042615e+019
 1.34983282755567e+000    3.08068470006031e+019
 1.88085203691121e+000    2.62895309276817e+019
 2.15878578404277e+000    2.39390549048593e+019
 2.71872426050499e+000    1.90809251210825e+019
 2.98832669522909e+000    1.71273302431972e+019
 3.49831371032522e+000    1.27519275800332e+019
 3.73461274326668e+000    1.09246808418963e+019
 4.16988012086229e+000    8.13448159094470e+018
 4.36458813530809e+000    6.69928205345646e+018
 4.76652298065810e+000    4.69304002616830e+018
 4.96123099510390e+000    3.86502796422346e+018
 5.21346439128620e+000    2.37962389230713e+018
 5.32505591228235e+000    1.87056448038551e+018
 5.54826080212186e+000    1.16836828865261e+018
 5.65985232311801e+000    9.18425902441011e+017
 5.88299895203159e+000    5.57411077218442e+017
 5.99459047302774e+000    4.38167294163169e+017
 6.16796770596876e+000    2.71738665402959e+017
 6.25463811589992e+000    2.12084315261992e+017
 6.44043949129473e+000    1.29651158741566e+017
 6.51880771928138e+000    1.01189954329619e+017
 6.70045072108820e+000    6.16378870058280e+016
 6.79127222199161e+000    4.81064061483681e+016
 6.96052749442334e+000    3.02659380766697e+016
 7.08458685356772e+000    2.39624697314248e+016
 7.38669888495870e+000    1.52369839565728e+016
 7.53983772875606e+000    1.21938600567939e+016
 7.84610085111930e+000    7.75365900546235e+015
 7.99508132132867e+000    6.18288807715452e+015
 8.43026859015114e+000    4.42546131576695e+015
 8.64992684612488e+000    3.72393407073306e+015
 9.11416446913737e+000    2.65580449972921e+015
 9.30887248358316e+000    2.18723015395730e+015
 9.71905853256749e+000    1.49417147276415e+015
 9.91376654701329e+000    1.23054874737420e+015
 1.02450090413674e+001    8.11049142118071e+014
 1.04189324704890e+001    6.58441898556100e+014
 1.07293685316717e+001    4.23213350936183e+014
 1.08866803142886e+001    3.42356017954471e+014
 1.12595502402171e+001    2.38978100666233e+014
 1.14501144463064e+001    1.97523094190558e+014
 1.18520274438092e+001    1.36888045683698e+014
 1.20467500234864e+001    1.13548867485130e+014

Line #3 - CH3OH
 1.06868744688242e+000    6.94392933237513e+018
 1.28833842024043e+000    5.82222890959771e+018
 1.50383102001044e+000    4.86424847674518e+018
 1.71517981142395e+000    4.07852960964447e+018
 1.92236294663372e+000    3.39527165684202e+018
 2.11290530487578e+000    2.77623324631019e+018
 2.28267036040937e+000    2.24578786706350e+018
 2.44411866876697e+000    1.80370909094604e+018
 2.60971806809683e+000    1.44864614528229e+018
 2.77532475004242e+000    1.16766318288764e+018
 2.91601032092303e+000    9.34470528787080e+017
 3.00684638705792e+000    7.34580984627050e+017
 3.05613513039159e+000    5.67199606901317e+017
 3.08881950983626e+000    4.37965527696787e+017
 3.11320898995218e+000    3.39396430659461e+017
 3.13759118745234e+000    2.62068704613166e+017
 3.16197338495251e+000    2.02359246395652e+017
 3.19050667342493e+000    1.56253229664331e+017
 3.22319833548535e+000    1.21085589599981e+017
 3.25588271493002e+000    9.34967399490081e+016
 3.28026491243019e+000    7.21945409867190e+016
 3.30464710993036e+000    5.57458126467900e+016
 3.33733148937503e+000    4.30443603198500e+016
 3.37002315143544e+000    3.33564417163074e+016
 3.39440534893561e+000    2.57565450942186e+016
 3.41878754643578e+000    1.98882009308023e+016
 3.44732083490820e+000    1.53568254626480e+016
 3.48001249696861e+000    1.19004917179847e+016
 3.51270415902902e+000    9.22206894089433e+015
 3.53708635652919e+000    7.12092244605377e+015
 3.56146855402936e+000    5.49849896023386e+015
 3.59415293347403e+000    4.24568876522165e+015
 3.62684459553445e+000    3.29011904905433e+015
 3.65537788400687e+000    2.54049042261072e+015
 3.68391117247929e+000    1.96165898289664e+015
 3.70829336997946e+000    1.51471666199201e+015
 3.74097774942413e+000    1.16959474955325e+015
 3.77366941148454e+000    9.06356112746805e+014
 3.79805160898471e+000    6.99852888624239e+014
 3.82243380648488e+000    5.40399142045084e+014
 3.85096709495730e+000    4.17273303574589e+014
 3.88365875701771e+000    3.23358333752218e+014
 3.91219204549013e+000    2.49683594338323e+014
 3.92411368745781e+000    1.92107479639136e+014
 3.94433751136998e+000    1.47806882444574e+014
 4.01442540525936e+000    1.16610562598104e+014

Line #4 - H2CO
 1.17133591574888e+000    1.43020214709923e+014
 1.20091790088797e+000    1.85209938667450e+014
 1.19734941917498e+000    2.46843839328446e+014
 1.26013284947634e+000    3.18503469752206e+014
 1.19682507084164e+000    1.90608312396253e+014
 1.27324884042551e+000    4.41589118510633e+014
 1.31112572489336e+000    5.69799272614715e+014
 1.33240552808796e+000    7.37891719498666e+014
 1.25196903723092e+000    3.40994690512158e+014
 1.36640077836597e+000    1.08742117396645e+015
 1.39183167253281e+000    1.40820729398675e+015
 1.42555746602842e+000    1.81707167645717e+015
 1.45943619445458e+000    2.52828480618011e+015
 1.48071599764917e+000    3.27413619616196e+015
 1.50614689181602e+000    4.23999696099678e+015
 1.54007659855236e+000    6.04972504364973e+015
 1.56135640174695e+000    7.83441157175947e+015
 1.58263620494155e+000    1.01455858295818e+016
 1.61656591167789e+000    1.44759548745736e+016
 1.58698392653880e+000    1.11784183353683e+016
 1.70965230607669e+000    3.45137052337134e+016
 1.73508320024353e+000    4.46951490519012e+016
 1.76881627635488e+000    5.78795718836682e+016
 1.79445108376246e+000    8.28817164044060e+016
 1.81157979598480e+000    1.07332544373242e+017
 1.84530558948041e+000    1.38495892739308e+017
 1.95981743938861e+000    4.59452925397040e+017
 1.99354323288421e+000    5.92852274639765e+017
 2.03557120832432e+000    7.64976468244311e+017
 2.37228294709981e+000    9.65728553530245e+017
 2.59670403376803e+000    1.09872860373350e+018
 2.89597584502011e+000    1.33340152341682e+018
 3.19511656918885e+000    1.51691536011454e+018
 3.49412620627426e+000    1.61767635220936e+018
 3.86785548086019e+000    1.72499153492870e+018
 4.16673403086227e+000    1.72443624298861e+018
 4.46541595023934e+000    1.56459574413408e+018
 4.76396678253308e+000    1.33072106920106e+018
 5.06264870191016e+000    1.20737460139040e+018
 5.32383971545364e+000    1.02693842096858e+018
 5.58496518545545e+000    8.45691006660196e+017
 5.84615619899893e+000    7.19306655951534e+017
 6.10728166900075e+000    5.92354086231667e+017
 6.33098177671063e+000    4.72314327151589e+017
 6.55468188442052e+000    3.76600463840494e+017
 6.77844753567207e+000    3.10145610227179e+017
 6.98146501467811e+000    2.56341893238920e+017
 7.37897931227347e+000    1.57234500713060e+017
 7.55706111498303e+000    1.28107820891218e+017
 7.93794191822642e+000    7.74593533967571e+016
 8.08692238843579e+000    6.17672910613573e+016
 8.26890767318242e+000    4.45413200767633e+016
 8.40127649688704e+000    3.53912652398136e+016
 8.52948694700368e+000    2.80202228542861e+016
 8.70734298862528e+000    2.04247339764277e+016
 8.82724397418167e+000    1.61129974402373e+016
 8.96376388885855e+000    1.28028719224067e+016
 9.12503741443837e+000    9.43361927935325e+015
 9.24078002640676e+000    7.41550557394065e+015
 9.36483938555114e+000    5.87108277987718e+015
 8.99267587334949e+000    1.19152947776314e+016
 9.53026400210322e+000    4.32600688127045e+015
 9.40620464295884e+000    5.46398838914646e+015
 9.94374179340239e+000    1.93453248662820e+015
 1.00927222636118e+001    1.54262624110954e+015
 9.83215027240624e+000    2.46100028836004e+015
 9.69563035772937e+000    3.09728095282816e+015
 1.05436181345871e+001    7.09917143711234e+014
 1.16781112973033e+001    1.69221166619417e+014
 1.28767278916172e+001    1.00770293845505e+014
 1.31755991590035e+001    1.00376777267495e+014
 1.34744704263899e+001    9.99847974052301e+013
 1.37733562590077e+001    1.00312163102283e+014
 1.40722348090098e+001    1.00279871618797e+014
 1.43711133590118e+001    1.00247590530261e+014
 1.46699919090139e+001    1.00215319833329e+014
 1.49688704590160e+001    1.00183059524655e+014
 1.52677562916338e+001    1.00511074362563e+014
 1.55666348416359e+001    1.00478718847563e+014
 1.58655061090222e+001    1.00086340894748e+014
 1.61643773764085e+001    9.96954952112493e+013
 1.64632559264106e+001    9.96634022392938e+013
 1.67621344764127e+001    9.96313195983853e+013
 1.70610130264148e+001    9.95992472851982e+013
 1.73598915764169e+001    9.95671852964079e+013
 1.76587774090347e+001    9.98931836668008e+013
 1.79576632416525e+001    1.00220249406299e+014
 1.82565345090388e+001    9.98288807986605e+013
 1.84860388614941e+001    1.79845393760207e+014
 1.83983634505907e+001    1.40390589488081e+014
 1.83065369487151e+001    1.09591940832058e+014
 1.87658952191812e+001    4.22589293273177e+014
 1.88535706300846e+001    5.41352081536878e+014
 1.89453971319603e+001    6.93488383092218e+014
 1.92495701436059e+001    1.21823534387792e+015
 1.94036047491394e+001    1.51630245432580e+015
 1.90955355380724e+001    9.78760766916537e+014
 1.97782516333086e+001    2.54197905643731e+015
 1.99571636542127e+001    3.11872552975498e+015
 2.07469050703756e+001    5.18859987510546e+015
 2.14156312607737e+001    6.31694807474653e+015
 2.17104242633452e+001    6.52235570434909e+015
 2.20052609616112e+001    6.88110773428004e+015
 2.30590044809935e+001    5.02913001600699e+015
 2.33161026644906e+001    4.40223050087826e+015
 2.35690424743998e+001    3.83968135406953e+015
 2.42531422666268e+001    2.54798789455626e+015
 2.51485325893413e+001    1.37756404065394e+015
 2.49247159597796e+001    1.63121367692777e+015
 2.46884242094539e+001    1.91089746540946e+015
 2.56915681146692e+001    9.47707920005687e+014
 2.59278598649949e+001    8.08998990699269e+014
 2.54552763643434e+001    1.11019953296255e+015
 2.52273013611937e+001    1.30991340964979e+015
 2.65661738520595e+001    5.05080793790589e+014
 2.75031479106540e+001    2.83041670750386e+014
 2.81666524655660e+001    2.03268546680815e+014
 2.84279090226511e+001    1.78569632942995e+014
 2.86891655797363e+001    1.56871854155906e+014
 2.79137053730411e+001    2.32213960168613e+014
 2.90665944231185e+001    1.33891334572147e+014
 2.92903600743701e+001    1.10264892511120e+014
