Generated by GetData Graph Digitizer 2.26.0.20 on April 07 2016, 14:31
from file 'C:\Users\abayless\Dropbox\Proposals\KathyIR&D2016\digiplots\willacy2009 Figure 3b.jpg'

Line #1 - CN
 1.04347826086957e+000    1.41143596900691e+018
 1.27122153209110e+000    1.19648415033796e+018
 1.50310559006211e+000    1.01427252128345e+018
 1.72670807453416e+000    8.56714847041602e+017
 1.94616977225673e+000    7.18441807224604e+017
 2.16149068322981e+000    6.00319933742847e+017
 2.36853002070393e+000    4.99813354782314e+017
 2.57142857142857e+000    4.11665452994883e+017
 2.77432712215321e+000    3.40285296378837e+017
 3.00207039337474e+000    2.92642725198916e+017
 3.27122153209110e+000    2.68516634482088e+017
 3.56521739130435e+000    2.54493125593480e+017
 3.85921325051760e+000    2.43818974695342e+017
 4.14906832298137e+000    2.31917016452466e+017
 4.43892339544513e+000    2.19014737854282e+017
 4.72877846790890e+000    2.05347620766845e+017
 5.01863354037267e+000    1.93227175372385e+017
 5.31262939958592e+000    1.82478150635382e+017
 5.60248447204969e+000    1.73570528364338e+017
 5.89648033126294e+000    1.64505660364587e+017
 6.18219461697723e+000    1.53685553479712e+017
 6.46376811594203e+000    1.42035439640472e+017
 6.74948240165631e+000    1.31269047764738e+017
 7.03519668737060e+000    1.23076951136317e+017
 7.32919254658385e+000    1.16649153016577e+017
 7.61904761904762e+000    1.10954955713004e+017
 7.91304347826087e+000    1.05160239081473e+017
 8.20289855072464e+000    9.93098417159176e+016
 8.49275362318841e+000    9.34481740269753e+016
 8.78260869565217e+000    8.73021541586173e+016
 9.06832298136646e+000    8.09753380604022e+016
 9.34989648033126e+000    7.48370128553649e+016
 9.63561076604555e+000    6.89159685685176e+016
 9.91718426501035e+000    6.36918023343718e+016
 1.02070393374741e+001    5.92891854746272e+016
 1.04968944099379e+001    5.55893785673877e+016
 1.07826086956522e+001    5.17466004770742e+016
 1.10683229813665e+001    4.79965071594290e+016
 1.13540372670807e+001    4.41990621030074e+016
 1.16356107660455e+001    4.07018859722774e+016
 1.19213250517598e+001    3.77522067818963e+016
 1.22111801242236e+001    3.53963660953183e+016
 1.25010351966874e+001    3.31875362940272e+016
 1.27908902691511e+001    3.11165434977532e+016
 1.30807453416149e+001    2.91747863013810e+016
 1.33706004140787e+001    2.73542000509378e+016
 1.36604554865424e+001    2.56472233488581e+016
 1.39461697722567e+001    2.37885605572933e+016
 1.42277432712215e+001    2.18276734684480e+016
 1.45051759834369e+001    1.99564182516477e+016
 1.47867494824017e+001    1.83114140154727e+016
 1.50724637681159e+001    1.72305234588276e+016
 1.53664596273292e+001    1.65673142986772e+016
 1.56604554865424e+001    1.59870357504765e+016
 1.59503105590062e+001    1.51520315483852e+016
 1.62318840579710e+001    1.39531526459419e+016
 1.65093167701863e+001    1.26200451840575e+016
 1.67867494824017e+001    1.14554372091190e+016
 1.70724637681159e+001    1.07405386847838e+016
 1.73664596273292e+001    1.04391776485143e+016
 1.76645962732919e+001    1.03304544677123e+016
 1.79627329192547e+001    1.00045923666344e+016
 1.82525879917184e+001    9.41408094497392e+015
 1.85341614906832e+001    8.70044773601232e+015
 1.88198757763975e+001    8.06992339983306e+015
 1.91097308488613e+001    7.62096798654196e+015
 1.94078674948240e+001    7.32766687997686e+015
 1.97060041407867e+001    7.14776191098385e+015
 2.00041407867495e+001    6.92229412332767e+015
 2.02981366459627e+001    6.63195381703695e+015
 2.05879917184265e+001    6.28556631958385e+015
 2.08819875776398e+001    5.89335616898253e+015
 2.11677018633540e+001    5.46626269068542e+015
 2.14534161490683e+001    5.05191591658034e+015
 2.17349896480331e+001    4.65219160304751e+015
 2.20165631469979e+001    4.33057592518651e+015
 2.23064182194617e+001    4.07496785516470e+015
 2.25962732919255e+001    3.83444680511183e+015
 2.28819875776398e+001    3.56937947478911e+015
 2.31635610766046e+001    3.26339626148424e+015
 2.34409937888199e+001    2.95160594300482e+015
 2.37184265010352e+001    2.66960459126683e+015
 2.40000000000000e+001    2.47612639574335e+015
 2.42939958592133e+001    2.36375281993452e+015
 2.45921325051760e+001    2.30571922141771e+015
 2.48902691511387e+001    2.24103472096809e+015
 2.51842650103520e+001    2.15477647357865e+015
 2.54782608695652e+001    2.05698666049761e+015
 2.57722567287785e+001    1.95658414793904e+015
 2.60662525879917e+001    1.86778885968042e+015
 2.63602484472050e+001    1.79589698222663e+015
 2.66542443064182e+001    1.73923974116705e+015
 2.69482401656315e+001    1.71493812173807e+015
 2.72463768115942e+001    1.72167183012661e+015
 2.75445134575569e+001    1.74718493928509e+015
 2.78426501035197e+001    1.78587793299711e+015
 2.81366459627329e+001    1.84522490902388e+015
 2.84306418219462e+001    1.92030952448758e+015
 2.87246376811594e+001    2.00565097147025e+015
 2.90186335403727e+001    2.09478512086897e+015
 2.93250517598344e+001    2.17222613613252e+015
 2.96314699792961e+001    2.27696929293073e+015
 2.98840579710145e+001    2.50087864580381e+015

Line #2 - HCN
 1.08074534161491e+000    1.07677132445273e+020
 1.30434782608696e+000    9.06239358871437e+019
 1.97515527950311e+000    5.28722834470915e+019
 1.75155279503106e+000    6.25959786072093e+019
 2.49275362318841e+000    2.76869785898961e+019
 2.31055900621118e+000    3.39809320034013e+019
 2.95652173913044e+000    1.46023322026808e+019
 2.79503105590062e+000    1.81819487110813e+019
 3.09316770186335e+000    6.88632529496528e+018
 3.06004140786749e+000    8.88971516145980e+018
 3.18840579710145e+000    3.27082890588954e+018
 3.15527950310559e+000    4.23760364884525e+018
 3.27950310559006e+000    1.50406437856346e+018
 3.24637681159420e+000    1.94163118023233e+018
 3.36645962732919e+000    7.11820748474298e+017
 3.33333333333333e+000    9.22217055018380e+017
 3.46583850931677e+000    3.28507521495887e+017
 3.43271221532091e+000    4.24077889063806e+017
 3.51966873706004e+000    1.97123713547961e+017
 3.55279503105590e+000    1.52699832355473e+017
 3.61490683229814e+000    9.29575728238241e+016
 3.65217391304348e+000    6.72519221396844e+016
 3.72670807453416e+000    4.27467476317250e+016
 3.76397515527950e+000    3.19435189594411e+016
 3.80124223602484e+000    1.96563969262358e+016
 3.89648033126294e+000    9.07144866990733e+015
 3.91718426501035e+000    7.00177771181220e+015
 4.04140786749482e+000    3.11725757183741e+015
 3.98757763975155e+000    4.02404934173323e+015
 4.36438923395445e+000    1.57437080826721e+015
 4.24844720496894e+000    1.99598628896457e+015
 4.71221532091097e+000    7.67063050812809e+014
 4.59627329192547e+000    9.75986439198236e+014
 4.99378881987578e+000    4.04475607443382e+014
 5.70186335403727e+000    4.16602373677547e+014
 6.00000000000000e+000    4.18238163833915e+014
 6.86542443064182e+000    3.18494866348523e+014
 6.58385093167702e+000    3.45860493708217e+014
 7.75155279503106e+000    3.07535871061802e+014
 7.45341614906832e+000    3.03045106476938e+014
 8.27329192546584e+000    3.18979112657777e+014
 8.56728778467909e+000    3.34355570192738e+014
 9.12629399585921e+000    3.46810705143604e+014
 9.42443064182195e+000    3.45676633614772e+014
 1.00621118012422e+001    3.34895355566004e+014
 1.03602484472050e+001    3.29031800887924e+014
 1.09192546583851e+001    3.15321452824049e+014
 1.12049689440994e+001    2.94581669067742e+014
 1.17805383022774e+001    2.44478870249008e+014
 1.20621118012422e+001    2.23521045273463e+014
 1.26252587991718e+001    1.90231999854937e+014
 1.29068322981366e+001    1.75811487295383e+014
 1.34409937888199e+001    1.55103202948547e+014
 1.37308488612836e+001    1.45948385888464e+014
 1.43478260869565e+001    1.27386980149501e+014
 1.46293995859213e+001    1.20732468645607e+014
 1.52422360248447e+001    1.12022484189168e+014
 1.55776397515528e+001    1.15750304725780e+014

Line #3 - DCN
 1.03933747412008e+000    5.75037731693972e+014
 1.10144927536232e+000    7.39739983695956e+014
 1.15942028985507e+000    9.55041181342845e+014
 1.23395445134576e+000    1.29205618711983e+015
 1.30434782608696e+000    1.66214165067102e+015
 1.17184265010352e+000    1.00438137107365e+015
 1.38302277432712e+000    2.31433825104542e+015
 1.45341614906832e+000    2.97723739814960e+015
 1.51966873706004e+000    3.82999456242531e+015
 1.32091097308489e+000    1.79905351554006e+015
 1.60248447204969e+000    5.37134797912928e+015
 1.67287784679089e+000    6.90987070481821e+015
 1.82194616977226e+000    1.27842456882051e+016
 1.75155279503106e+000    9.93775935548989e+015
 2.05383022774327e+000    2.87261637391631e+016
 2.35196687370600e+000    2.86322291404151e+016
 2.65010351966874e+000    2.84361302944484e+016
 3.01863354037267e+000    2.71478022300267e+016
 3.05175983436853e+000    2.10297623493989e+016
 3.08902691511387e+000    1.62905592466319e+016
 3.22153209109731e+000    6.32616971724519e+015
 3.25051759834369e+000    4.88288382529995e+015
 3.18426501035197e+000    8.16656099532840e+015
 3.46169772256729e+000    1.14195405201264e+015
 3.42857142857143e+000    1.47417465992920e+015
 3.49068322981366e+000    8.81422601516362e+014
 3.57349896480331e+000    4.92206589561795e+014
 3.54037267080745e+000    6.35400768098621e+014
 3.50724637681159e+000    8.20253415257520e+014
 3.61490683229814e+000    3.66493983355930e+014
 3.72670807453416e+000    2.04665044741777e+014
 3.72670807453416e+000    1.52934648466087e+014
 3.80124223602484e+000    1.10647926718006e+014
