SolNeb
Species +/-  H He  C  N  O  F  P  S Cl Na Mg Al Si  K Ca Ti Fe MolMass  n  f T3 [K] P3 [kPa]
6560 509 508   0   0 6.00                                     
e-       -1                                                      0.0005  1 3   0.0  0.000E+00
H+       +1  1                                                   1.0074  1 3   0.0  0.000E+00
H            1                                                   1.0079  1 3   0.0  0.000E+00
H(2)         1                                                   1.0079  1 3   0.0  0.000E+00
H-       -1  1                                                   1.0084  1 3   0.0  0.000E+00
He+      +1     1                                                4.0021  1 3   0.0  0.000E+00
He              1                                                4.0026  1 3   2.19 5.100E+00
C+       +1        1                                            12.0102  1 3   0.0  0.000E+00
C                  1                                            12.0107  1 3 476.50 1.013E+04
C(1D)              1                                            12.0107  1 3   0.0  0.000E+00
C(1S)              1                                            12.0107  1 3   0.0  0.000E+00
C-       -1        1                                            12.0112  1 3   0.0  0.000E+00
N+       +1           1                                         14.0062  1 3   0.0  0.000E+00
N                     1                                         14.0067  1 3   0.0  0.000E+00
O+       +1              1                                      15.9989  1 3   0.0  0.000E+00
O                        1                                      15.9994  1 3   0.0  0.000E+00
O(1D)                    1                                      15.9994  1 3   0.0  0.000E+00
O(1S)                    1                                      15.9994  1 3   0.0  0.000E+00
O-       -1              1                                      15.9999  1 3   0.0  0.000E+00
F+       +1                 1                                   18.9979  1 3   0.0  0.000E+00
F                           1                                   18.9984  1 3   0.0  0.000E+00
Na+      +1                             1                       22.9892  1 3   0.0  0.000E+00
Na                                      1                       22.9897  1 3 371.   0.000E+00
Na(2p)                                  1                       22.9897  1 3   0.0  0.000E+00
Mg+      +1                                1                    24.305   1 3   0.0  0.000E+00
Mg                                         1                    24.305   1 3 922.   0.000E+00
Si+      +1                                      1              28.0850  1 3   0.0  0.000E+00
Si                                               1              28.0855  1 3   0.0  0.000E+00
P+       +1                    1                                30.9733  1 3   0.0  0.000E+00
P                              1                                30.9738  1 3 863.15 0.000E+00
S+       +1                       1                             32.0650  1 3   0.0  0.000E+00
S                                 1                             32.0650  1 3   0.0  0.000E+00
S(1D)                             1                             32.0650  1 3   0.0  0.000E+00
S(1S)                             1                             32.0650  1 3   0.0  0.000E+00
S-       -1                       1                             32.0660  1 3   0.0  0.000E+00
Cl+      +1                          1                          35.453   1 3   0.0  0.000E+00
Cl                                   1                          35.453   1 3   0.0  0.000E+00
Fe+      +1                                                  1  55.938   1 3   0.0  0.000E+00
Fe                                                           1  55.938   1 3   0.0  0.000E+00
H2+      +1  2                                                   2.0154  2 5   0.0  0.000E+00
H2           2                                                   2.0159  2 5  13.84 7.040E+00
HeH+     +1  1  1                                                5.0100  2 5   0.0  0.000E+00
CH+      +1  1     1                                            13.0181  2 5   0.0  0.000E+00
CH           1     1                                            13.0186  2 5   0.0  0.000E+00
CH-      -1  1     1                                            13.0191  2 5   0.0  0.000E+00
NH+      +1  1        1                                         15.0141  2 5   0.0  0.000E+00
NH           1        1                                         15.0146  2 5   0.0  0.000E+00
NH(X3S)      1        1                                         15.0146  2 5   0.0  0.000E+00
NH(a1D)      1        1                                         15.0146  2 5   0.0  0.000E+00
OH+      +1  1           1                                      17.0068  2 5   0.0  0.000E+00
OH           1           1                                      17.0074  2 5   0.0  0.000E+00
OH-      -1  1           1                                      17.0079  2 5   0.0  0.000E+00
HF+      +1  1              1                                   20.0058  2 5   0.0  0.000E+00
HF           1              1                                   20.0063  2 5   0.0  0.000E+00
NaH          1                          1                       23.9997  2 5   0.0  0.000E+00
C2+      +1        2                                            24.0209  2 5   0.0  0.000E+00
C2                 2                                            24.0214  2 5   0.0  0.000E+00
C2-      -1        2                                            24.0219  2 5   0.0  0.000E+00
CN+      +1        1  1                                         26.0169  2 5   0.0  0.000E+00
CN                 1  1                                         26.0174  2 5   0.0  0.000E+00
CN-      -1        1  1                                         26.0179  2 5   0.0  0.000E+00
N2+      +1           2                                         28.0129  2 5   0.0  0.000E+00
N2                    2                                         28.0134  2 5  63.18 1.260E+01
N2(1S)                2                                         28.0134  2 5  63.18 1.260E+01
CO+      +1        1     1                                      28.0096  2 5   0.0  0.000E+00
CO                 1     1                                      28.0101  2 5  68.10 1.537E+01
CO(a3P)            1     1                                      28.0101  2 5   0.0  0.000E+00
SiH+     +1  1                                   1              29.0929  2 5   0.0  0.000E+00
SiH          1                                   1              29.0934  2 5   0.0  0.000E+00
CF+      +1        1        1                                   31.0086  2 5   0.0  0.000E+00
NO+      +1           1  1                                      30.0056  2 5   0.0  0.000E+00
NO                    1  1                                      30.0061  2 5 109.50 2.192E+01
PH+      +1  1                 1                                31.9812  2 5   0.0  0.000E+00
PH           1                 1                                31.9817  2 5   0.0  0.000E+00
O2+      +1              2                                      31.9983  2 5   0.0  0.000E+00
O2                       2                                      31.9988  2 5  54.36 1.520E-01
O2-      -1              2                                      31.9993  2 5   0.0  0.000E+00
HS+      +1  1                    1                             33.0724  2 5   0.0  0.000E+00
HS           1                    1                             33.0729  2 5   0.0  0.000E+00
HCl+     +1  1                       1                          36.4604  2 5   0.0  0.000E+00
HCl          1                       1                          36.4609  2 5 158.96 1.390E+01
SiC+     +1        1                             1              40.0957  2 5   0.0  0.000E+00
SiC                1                             1              40.0962  2 5   0.0  0.000E+00
CP+      +1        1           1                                42.9840  2 5   0.0  0.000E+00
CP                 1           1                                42.9845  2 5   0.0  0.000E+00
SiN+     +1           1                          1              42.0917  2 5   0.0  0.000E+00
SiN                   1                          1              42.0922  2 5   0.0  0.000E+00
CS+      +1        1              1                             44.0752  2 5   0.0  0.000E+00
CS                 1              1                             44.0757  2 5 161.11 0.000E+00
CS(a3P)            1              1                             44.0757  2 5 161.11 0.000E+00
CS(A1P)            1              1                             44.0757  2 5 161.11 0.000E+00
PN+      +1           1        1                                44.9800  2 5   0.0  0.000E+00
PN                    1        1                                44.9805  2 5   0.0  0.000E+00
SiO+     +1              1                       1              44.0844  2 5   0.0  0.000E+00
SiO                      1                       1              44.0849  2 5   0.0  0.000E+00
Na2                                     2                       45.9795  2 5   0.0  0.000E+00
CCl+     +1        1                 1                          47.4632  2 5   0.0  0.000E+00
CCl                1                 1                          47.4637  2 5   0.0  0.000E+00
NS+      +1           1           1                             46.0712  2 5   0.0  0.000E+00
NS                    1           1                             46.0717  2 5   0.0  0.000E+00
PO+      +1              1     1                                46.9727  2 5   0.0  0.000E+00
PO                       1     1                                46.9732  2 5   0.0  0.000E+00
SiF+     +1                 1                    1              47.0834  2 5   0.0  0.000E+00
SO+      +1              1        1                             48.0639  2 5   0.0  0.000E+00
SO                       1        1                             48.0644  2 5   0.0  0.000E+00
ClO+     +1              1           1                          51.452   2 5   0.0  0.000E+00
ClO                      1           1                          51.452   2 5   0.0  0.000E+00
NaCl                                 1  1                       58.4417  2 5   0.0  0.000E+00
SiS+     +1                       1              1              60.1500  2 5   0.0  0.000E+00
SiS                               1              1              60.1505  2 5   0.0  0.000E+00
S2+      +1                       2                             64.1295  2 5   0.0  0.000E+00
S2                                2                             64.1300  2 5   0.0  0.000E+00
H3+      +1  3                                                   3.0234  3 6   0.0  0.000E+00
CH2+     +1  2     1                                            14.0261  3 6   0.0  0.000E+00
CH2          2     1                                            14.0266  3 6   0.0  0.000E+00
NH2+     +1  2        1                                         16.0221  3 6   0.0  0.000E+00
NH2          2        1                                         16.0226  3 6   0.0  0.000E+00
NH2(X2B)     2        1                                         16.0226  3 6   0.0  0.000E+00
H2O+     +1  2           1                                      18.0148  3 6   0.0  0.000E+00
H2O          2           1                                      18.0153  3 6 273.16 6.117E-01
H2F+     +1  2              1                                   21.0138  3 6   0.0  0.000E+00
C2H+     +1  1     2                                            25.0288  3 6   0.0  0.000E+00
C2H          1     2                                            25.0293  3 6   0.0  0.000E+00
C2H-     -1  1     2                                            25.0298  3 6   0.0  0.000E+00
HCN          1     1  1                                         27.0253  3 5   0.0  0.000E+00
HCN+     +1  1     1  1                                         27.0248  3 5   0.0  0.000E+00
HNC          1     1  1                                         27.0253  3 6   0.0  0.000E+00
HOC+     +1  1     1     1                                      29.0175  3 6   0.0  0.000E+00
HCO+     +1  1     1     1                                      29.0175  3 6   0.0  0.000E+00
HCO          1     1     1                                      29.0180  3 6   0.0  0.000E+00
N2H+     +1  1        2                                         29.0208  3 6   0.0  0.000E+00
SiH2+    +1  2                                   1              30.1009  3 6   0.0  0.000E+00
SiH2         2                                   1              30.1014  3 6   0.0  0.000E+00
HNO+     +1  1        1  1                                      31.0135  3     0.0  0.000E+00
HNO          1        1  1                                      31.0140  3     0.0  0.000E+00
O2H+     +1  1           2                                      33.0062  3 6   0.0  0.000E+00
O2H          1           2                                      33.0067  3 6   0.0  0.000E+00
PH2+     +1  2                 1                                32.9891  3 6   0.0  0.000E+00
PH2          2                 1                                32.9896  3 6   0.0  0.000E+00
H2S+     +1  2                    1                             34.0804  3 6   0.0  0.000E+00
H2S          2                    1                             34.0809  3 6   0.0  0.000E+00
NaOH         1           1              1                       39.9971  3 6   0.0  0.000E+00
C3+      +1        3                                            36.0316  3 6   0.0  0.000E+00
C3                 3                                            36.0321  3 6   0.0  0.000E+00
C3-      -1        3                                            36.0326  3 6   0.0  0.000E+00
H2Cl+    +1  2                       1                          37.4684  3 6   0.0  0.000E+00
CNC+     +1        2  1                                         38.0276  3 6   0.0  0.000E+00
C2N+     +1        2  1                                         38.0276  3 6   0.0  0.000E+00
C2N                2  1                                         38.0281  3 6   0.0  0.000E+00
C2O+     +1        2     1                                      40.0203  3 6   0.0  0.000E+00
C2O                2     1                                      40.0208  3 6   0.0  0.000E+00
HCSi+    +1  1     1                             1              41.1036  3 6   0.0  0.000E+00
HCSi         1     1                             1              41.1041  3 6   0.0  0.000E+00
OCN                1  1  1                                      42.0168  3 6   0.0  0.000E+00
OCN+     +1        1  1  1                                      42.0163  3 6   0.0  0.000E+00
CNO                1  1  1                                      42.0168  3 6   0.0  0.000E+00
HCP+     +1  1     1           1                                43.9919  3 5   0.0  0.000E+00
HCP          1     1           1                                43.9924  3 5   0.0  0.000E+00
HNSi+    +1  1        1                          1              43.0996  3 6   0.0  0.000E+00
HNSi         1        1                          1              43.1001  3 6   0.0  0.000E+00
N2O                   2  1                                      44.0128  3 5 182.34 8.785E+01
N2O+     +1           2  1                                      44.0123  3 5   0.0  0.000E+00
CO2+     +1        1     2                                      44.0090  3 5   0.0  0.000E+00
CO2                1     2                                      44.0095  3 5 216.55 5.170E+02
HCS+     +1  1     1              1                             45.0831  3 6   0.0  0.000E+00
HCS          1     1              1                             45.0836  3 6   0.0  0.000E+00
HPN+     +1  1        1        1                                45.9879  3 6   0.0  0.000E+00
SiOH+    +1  1           1                       1              45.0923  3 6   0.0  0.000E+00
NO2                   1  2                                      46.0055  3 6   0.0  0.000E+00
NO2+     +1           1  2                                      46.0050  3 6   0.0  0.000E+00
HPO          1           1     1                                47.9811  3     0.0  0.000E+00
HPO+     +1  1           1     1                                47.9806  3     0.0  0.000E+00
HNS+     +1  1        1           1                             47.0791  3     0.0  0.000E+00
HSO+     +1  1           1        1                             49.0718  3 6   0.0  0.000E+00
SiC2+    +1        2                             1              52.1064  3 6   0.0  0.000E+00
SiC2               2                             1              52.1069  3 6   0.0  0.000E+00
CCP+     +1        2           1                                54.9947  3 6   0.0  0.000E+00
CCP                2           1                                54.9952  3 6   0.0  0.000E+00
SiNC+    +1        1  1                          1              54.1024  3 6   0.0  0.000E+00
SiNC               1  1                          1              54.1029  3 6   0.0  0.000E+00
C2S                2              1                             56.0864  3 6   0.0  0.000E+00
C2S+     +1        2              1                             56.0859  3 6   0.0  0.000E+00
OCS+     +1        1     1        1                             60.0746  3     0.0  0.000E+00
OCS                1     1        1                             60.0751  3     0.0  0.000E+00
SiO2                     2                       1              60.0843  3 6   0.0  0.000E+00
HSiS+    +1  1                    1              1              61.1579  3 6   0.0  0.000E+00
SO2+     +1              2        1                             64.0633  3 6   0.0  0.000E+00
SO2                      2        1                             64.0638  3 6 197.69 1.670E+00
HS2+     +1  1                    2                             65.1374  3 6   0.0  0.000E+00
HS2          1                    2                             65.1379  3 6   0.0  0.000E+00
CS2+     +1        1              2                             76.1402  3 6   0.0  0.000E+00
CS2                1              2                             76.1407  3 6   0.0  0.000E+00
H3O+     +1  3           1                                      19.0227  4 6   0.0  0.000E+00
H3O+1W   +1  5           2                                      37.0380  7 6   0.0  0.000E+00
CH3+     +1  3     1                                            15.0340  4 6   0.0  0.000E+00
CH3          3     1                                            15.0345  4 6   0.0  0.000E+00
NH3+     +1  3        1                                         17.0300  4 6   0.0  0.000E+00
NH3          3        1                                         17.0305  4 6 195.40 6.076E+00
C2H2+    +1  2     2                                            26.0368  4 6   0.0  0.000E+00
C2H2         2     2                                            26.0373  4 6 192.4  1.200E+02
HCNH+    +1  2     1  1                                         28.0328  4 6   0.0  0.000E+00
H2CN         2     1  1                                         28.0333  4 6   0.0  0.000E+00
H2NC+    +1  2     1  1                                         28.0328  4 6   0.0  0.000E+00
H2CO+    +1  2     1     1                                      30.0255  4 6   0.0  0.000E+00
H2CO         2     1     1                                      30.0260  4 6   0.0  0.000E+00
SiH3         3                                   1              31.1093  4 6   0.0  0.000E+00
SiH3+    +1  3                                   1              31.1088  4 6   0.0  0.000E+00
H2NO+    +1  2        1  1                                      32.0215  4 6   0.0  0.000E+00
PH3+     +1  3                 1                                33.9971  4     0.0  0.000E+00
H2O2         2           2                                      34.0147  4 6   0.0  0.000E+00
H3S+     +1  3                    1                             35.0883  4 6   0.0  0.000E+00
C3H+     +1  1     3                                            37.0395  4 6   0.0  0.000E+00
C3H          1     3                                            37.0400  4 5   0.0  0.000E+00
C3H-     -1  1     3                                            37.0405  4 6   0.0  0.000E+00
C2NH+    +1  1     2  1                                         39.0355  4 6   0.0  0.000E+00
HC2O+    +1  1     2     1                                      41.0282  4 6   0.0  0.000E+00
SiCH2+   +1  2     1                             1              42.1116  4 6   0.0  0.000E+00
SiCH2        2     1                             1              42.1121  4 6   0.0  0.000E+00
HCNO+    +1  1     1  1  1                                      43.0242  4 6   0.0  0.000E+00
HCNO         1     1  1  1                                      43.0247  4 6   0.0  0.000E+00
HNCO+    +1  1     1  1  1                                      43.0242  4     0.0  0.000E+00
HNCO         1     1  1  1                                      43.0247  4     0.0  0.000E+00
HOCN+    +1  1     1  1  1                                      43.0242  4     0.0  0.000E+00
HOCN         1     1  1  1                                      43.0247  4     0.0  0.000E+00
HONC+    +1  1     1  1  1                                      43.0242  4 6   0.0  0.000E+00
HONC         1     1  1  1                                      43.0247  4 6   0.0  0.000E+00
PCH2+    +1  2     1           1                                44.9998  4 6   0.0  0.000E+00
SiNH2+   +1  2        1                          1              44.1076  4 6   0.0  0.000E+00
HCO2+    +1  1     1     2                                      45.0169  4 6   0.0  0.000E+00
HN2O+    +1  1        2  1                                      45.0202  4 6   0.0  0.000E+00
H2CS+    +1  2     1              1                             46.0923  4 6   0.0  0.000E+00
H2CS         2     1              1                             46.0928  4 6   0.0  0.000E+00
PNH2+    +1  2        1        1                                46.9958  4 6   0.0  0.000E+00
H2SiO+   +1  2           1                       1              46.1002  4 6   0.0  0.000E+00
H2SiO        2           1                       1              46.1007  4 6   0.0  0.000E+00
C4+      +1        4                                            48.0423  4 6   0.0  0.000E+00
C4                 4                                            48.0428  4 6   0.0  0.000E+00
C4-      -1        4                                            48.0433  4 6   0.0  0.000E+00
H2PO+    +1  2           1     1                                48.9885  4 6   0.0  0.000E+00
C3N+     +1        3  1                                         50.0383  4 6   0.0  0.000E+00
C3N                3  1                                         50.0388  4 6   0.0  0.000E+00
C3N-     -1        3  1                                         50.0393  4 6   0.0  0.000E+00
C3O+     +1        3     1                                      52.0310  4 6   0.0  0.000E+00
C3O                3     1                                      52.0315  4 6   0.0  0.000E+00
C2N2+    +1        2  2                                         52.0343  4 6   0.0  0.000E+00
NCCN               2  2                                         52.0348  4     0.0  0.000E+00
SiC2H+   +1  1     2                             1              53.1143  4 6   0.0  0.000E+00
SiC2H        1     2                             1              53.1148  4 6   0.0  0.000E+00
SiNCH+   +1  1     1  1                          1              55.1103  4 6   0.0  0.000E+00
HC2P+    +1  1     2           1                                56.0026  4 6   0.0  0.000E+00
HC2P         1     2           1                                56.0031  4 6   0.0  0.000E+00
HC2S+    +1  1     2              1                             57.0938  4 6   0.0  0.000E+00
H2CCl+   +1  2     1                 1                          61.4903  4 6   0.0  0.000E+00
HOCS+    +1  1     1     1        1                             61.0825  4 6   0.0  0.000E+00
HSiO2+   +1  1           2                       1              61.0917  4 6   0.0  0.000E+00
SiC3+    +1        3                             1              64.1171  4 6   0.0  0.000E+00
SiC3               3                             1              64.1176  4 6   0.0  0.000E+00
HSO2+    +1  1           2        1                             65.0712  4 6   0.0  0.000E+00
H2S2+    +1  2                    2                             66.1454  4 6   0.0  0.000E+00
H2S2         2                    2                             66.1459  4 6   0.0  0.000E+00
C3P                3           1                                67.0059  4 6   0.0  0.000E+00
C3S+     +1        3              1                             68.0966  4 6   0.0  0.000E+00
C3S                3              1                             68.0971  4 6   0.0  0.000E+00
CH4+     +1  4     1                                            16.0420  5 6   0.0  0.000E+00
CH4          4     1                                            16.0425  5 6  90.68 1.170E+01
NH4+     +1  4        1                                         18.0380  5 6   0.0  0.000E+00
C2H3+    +1  3     2                                            27.0447  5 6   0.0  0.000E+00
C2H3         3     2                                            27.0452  5 6   0.0  0.000E+00
CH2NH        3     1  1                                         29.0412  5 6   0.0  0.000E+00
H3CO+    +1  3     1     1                                      31.0334  5 6   0.0  0.000E+00
CH3O+    +1  3     1     1                                      31.0333  5     0.0  0.000E+00
CH2OH+   +1  3     1     1                                      31.0333  5     0.0  0.000E+00
SiH4+    +1  4                                   1              32.1168  5 6   0.0  0.000E+00
SiH4         4                                   1              32.1173  5 6   0.0  0.000E+00
C3H2+    +1  2     3                                            38.0475  5 6   0.0  0.000E+00
C3H2         2     3                                            38.0480  5 6   0.0  0.000E+00
H2CCC        2     3                                            38.0480  5 6   0.0  0.000E+00
CH2CN+   +1  2     2  1                                         40.0435  5 6   0.0  0.000E+00
CH2CN        2     2  1                                         40.0440  5 6   0.0  0.000E+00
CH2CO+   +1  2     2     1                                      42.0362  5 6   0.0  0.000E+00
CH2CO        2     2     1                                      42.0367  5 6   0.0  0.000E+00
NH2CN        2     1  2                                         42.0400  5 6   0.0  0.000E+00
SiCH3+   +1  3     1                             1              43.1195  5 6   0.0  0.000E+00
SiCH3        3     1                             1              43.1200  5 6   0.0  0.000E+00
H2CNO+   +1  2     1  1  1                                      44.0322  5 6   0.0  0.000E+00
H2NCO+   +1  2     1  1  1                                      44.0322  5 6   0.0  0.000E+00
H2OCN+   +1  2     1  1  1                                      44.0322  5 6   0.0  0.000E+00
HCNOH+   +1  2     1  1  1                                      44.0322  5 6   0.0  0.000E+00
HNCOH+   +1  2     1  1  1                                      44.0322  5 6   0.0  0.000E+00
PCH3+    +1  3     1           1                                46.0078  5 6   0.0  0.000E+00
CH2PH        3     1           1                                46.0083  5 6   0.0  0.000E+00
HCOOH+   +1  2     1     2                                      46.0249  5 6   0.0  0.000E+00
HCOOH        2     1     2                                      46.0254  5 6 281.40 2.200E+00
H3CS+    +1  3     1              1                             47.0990  5 6   0.0  0.000E+00
H3SiO+   +1  3           1                       1              47.1082  5 6   0.0  0.000E+00
PNH3+    +1  3        1        1                                48.0038  5 6   0.0  0.000E+00
C4H+     +1  1     4                                            49.0502  5 6   0.0  0.000E+00
C4H          1     4                                            49.0507  5 6   0.0  0.000E+00
C4H-     -1  1     4                                            49.0512  5 6   0.0  0.000E+00
HC3N+    +1  1     3  1                                         51.0462  5 6   0.0  0.000E+00
HC3N         1     3  1                                         51.0467  5 6   0.0  0.000E+00
HNC3         1     3  1                                         51.0467  5 6   0.0  0.000E+00
HC3O+    +1  1     3     1                                      53.0389  5 6   0.0  0.000E+00
NCCNH+   +1  1     2  2                                         53.0422  5 6   0.0  0.000E+00
SiC2H2+  +1  2     2                             1              54.1223  5 6   0.0  0.000E+00
SiC2H2       2     2                             1              54.1228  5 6   0.0  0.000E+00
PC2H2+   +1  2     2           1                                57.0105  5 6   0.0  0.000E+00
C5+      +1        5                                            60.0530  5 6   0.0  0.000E+00
C5                 5                                            60.0535  5 6   0.0  0.000E+00
C5-      -1        5                                            60.0540  5 6   0.0  0.000E+00
C4N+     +1        4  1                                         62.0490  5 6   0.0  0.000E+00
C4N                4  1                                         62.0495  5 6   0.0  0.000E+00
SiC3H+   +1  1     3                             1              65.1250  5 6   0.0  0.000E+00
SiC3H        1     3                             1              65.1255  5 6   0.0  0.000E+00
H3S2+    +1  3                    2                             67.1533  5 6   0.0  0.000E+00
PC3H+    +1  1     3           1                                68.0133  5 6   0.0  0.000E+00
HC3S+    +1  1     3              1                             69.1045  5 6   0.0  0.000E+00
SiC4+    +1        4                             1              76.1278  5 6   0.0  0.000E+00
SiC4               4                             1              76.1283  5 6   0.0  0.000E+00
C4P+     +1        4           1                                79.0161  5 6   0.0  0.000E+00
C4P                4           1                                79.0166  5 6   0.0  0.000E+00
C4S+     +1        4              1                             80.1073  5 6   0.0  0.000E+00
C4S                4              1                             80.1078  5 6   0.0  0.000E+00
CH5+     +1  5     1                                            17.0499  6 6   0.0  0.000E+00
C2H4+    +1  4     2                                            28.0527  6 6   0.0  0.000E+00
C2H4         4     2                                            28.0532  6 6 104.0  1.200E-01
CH2NH2+  +1  4     1  1                                         30.0488  6 6   0.0  0.000E+00
CH4N+    +1  4     1  1                                         30.0488  6 6   0.0  0.000E+00
CH3OH+   +1  4     1     1                                      32.0414  6 6   0.0  0.000E+00
CH3OH        4     1     1                                      32.0419  6 6 150.   4.300E-07
SiH5+    +1  5                                   1              33.1247  6 6   0.0  0.000E+00
H2C3H+   +1  3     3                                            39.0554  6 6   0.0  0.000E+00
C3H3+    +1  3     3                                            39.0554  6 6   0.0  0.000E+00
C3H3         3     3                                            39.0559  6 6   0.0  0.000E+00
CH2CCH+  +1  3     3                                            39.0554  6 6   0.0  0.000E+00
CH2CCH       3     3                                            39.0559  6 6   0.0  0.000E+00
CH3CN+   +1  3     2  1                                         41.0514  6 6   0.0  0.000E+00
CH3CN        3     2  1                                         41.0519  6 6   0.0  0.000E+00
CH3CO+   +1  3     2     1                                      43.0451  6 6   0.0  0.000E+00
NH2CNH+  +1  3     1  2                                         43.0474  6 6   0.0  0.000E+00
SiCH4+   +1  4     1                             1              44.1274  6 6   0.0  0.000E+00
CH3O2+   +1  3     1     2                                      47.0328  6 6   0.0  0.000E+00
HCOOH2+  +1  3     1     2                                      47.0328  6 6   0.0  0.000E+00
PCH4+    +1  4     1           1                                47.0149  6 6   0.0  0.000E+00
C4H2+    +1  2     4                                            50.0582  6 6   0.0  0.000E+00
C4H2         2     4                                            50.0587  6 6   0.0  0.000E+00
HC4H         2     4                                            50.0587  6 6   0.0  0.000E+00
HC3NH+   +1  2     3  1                                         52.0542  6 6   0.0  0.000E+00
C3H2O+   +1  2     3     1                                      54.0469  6 6   0.0  0.000E+00
SiC2H3+  +1  3     2                             1              55.1302  6 6   0.0  0.000E+00
PC2H3+   +1  3     2           1                                58.0185  6 6   0.0  0.000E+00
CH3CS+   +1  3     2              1                             59.1097  6 6   0.0  0.000E+00
C5H+     +1  1     5                                            61.0609  6 6   0.0  0.000E+00
C5H          1     5                                            61.0614  6 6   0.0  0.000E+00
C5H-     -1  1     5                                            61.0619  6     0.0  0.000E+00
HC4N+    +1  1     4  1                                         63.0569  6 6   0.0  0.000E+00
SiC3H2+  +1  2     3                             1              66.1330  6 6   0.0  0.000E+00
C6+      +1        6                                            72.0637  6 6   0.0  0.000E+00
C6                 6                                            72.0642  6 6   0.0  0.000E+00
C6-      -1        6                                            72.0647  6 6   0.0  0.000E+00
C5N+     +1        5  1                                         74.0597  6 6   0.0  0.000E+00
C5N                5  1                                         74.0602  6 6   0.0  0.000E+00
C5N-     -1        5  1                                         74.0607  6 6   0.0  0.000E+00
SiC4H+   +1  1     4                             1              77.1357  6 6   0.0  0.000E+00
PC4H+    +1  1     4           1                                80.0240  6 6   0.0  0.000E+00
HC4S+    +1  1     4              1                             81.1152  6 6   0.0  0.000E+00
C2H5+    +1  5     2                                            29.0606  7 6   0.0  0.000E+00
C2H5         5     2                                            29.0611  7 6   0.0  0.000E+00
CH3NH2       5     1  1                                         31.0571  7 6   0.0  0.000E+00
CH3OH2+  +1  5     1     1                                      33.0493  7 6   0.0  0.000E+00
C3H4+    +1  4     3                                            40.0641  7 6   0.0  0.000E+00
C3H4         4     3                                            40.0646  7 6   0.0  0.000E+00
CH2CCH2      4     3                                            40.0639  7 6   0.0  0.000E+00
CH3CCH       4     3                                            40.0639  7 6   0.0  0.000E+00
CH3CNH+  +1  4     2  1                                         42.0594  7 6   0.0  0.000E+00
CH3CHO+  +1  4     2     1                                      44.0521  7 6   0.0  0.000E+00
CH3CHO       4     2     1                                      44.0526  7 6   0.0  0.000E+00
C4H3+    +1  3     4                                            51.0661  7 6   0.0  0.000E+00
C4H3         3     4                                            51.0666  7 6   0.0  0.000E+00
AcNit+   +1  3     3  1                                         53.0621  7 6   0.0  0.000E+00
AcNit        3     3  1                                         53.0626  7 6   0.0  0.000E+00
H3C3O+   +1  3     3     1                                      55.0548  7 6   0.0  0.000E+00
PC2H4+   +1  4     2           1                                59.0264  7 6   0.0  0.000E+00
C5H2+    +1  2     5                                            62.0689  7 6   0.0  0.000E+00
C5H2         2     5                                            62.0694  7 6   0.0  0.000E+00
H2C4N+   +1  2     4  1                                         64.0649  7 6   0.0  0.000E+00
C6H+     +1  1     6                                            73.0716  7 6   0.0  0.000E+00
C6H          1     6                                            73.0721  7 6   0.0  0.000E+00
C6H-     -1  1     6                                            73.0726  7 6   0.0  0.000E+00
HC5N+    +1  1     5  1                                         75.0676  7 6   0.0  0.000E+00
HC5N         1     5  1                                         75.0681  7 6   0.0  0.000E+00
C7+      +1        7                                            84.0744  7 6   0.0  0.000E+00
C7                 7                                            84.0749  7 6   0.0  0.000E+00
C7-      -1        7                                            84.0754  7 6   0.0  0.000E+00
C3N4               3  4                                         92.0589  7     0.0  0.000E+00
CH3CH3+  +1  6     2                                            30.0685  8 6   0.0  0.000E+00
C2H6+    +1  6     2                                            30.0685  8 6   0.0  0.000E+00
CH3CH3       6     2                                            30.0690  8 6  89.89 8.000E-04
C2H6         6     2                                            30.0690  8 6   0.0  0.000E+00
C3H5+    +1  5     3                                            41.0713  8 6   0.0  0.000E+00
pAAld+   +1  5     2     1                                      45.0600  8 6   0.0  0.000E+00
C4H4+    +1  4     4                                            52.0741  8 6   0.0  0.000E+00
Butenyn      4     4                                            52.0746  8 6   0.0  0.000E+00
pAcNit+  +1  4     3  1                                         54.0701  8 6   0.0  0.000E+00
COOCH4+  +1  4     2     2                                      60.0515  8 6   0.0  0.000E+00
HCOOCH3      4     2     2                                      60.0520  8 6   0.0  0.000E+00
C5H3+    +1  3     5                                            63.0768  8 6   0.0  0.000E+00
CH3C3N+  +1  3     4  1                                         65.0728  8 6   0.0  0.000E+00
CH3C3N       3     4  1                                         65.0733  8 6   0.0  0.000E+00
MC+      +1  3     3  2                                         67.0688  8 6   0.0  0.000E+00
C6H2+    +1  2     6                                            74.0796  8 6   0.0  0.000E+00
C6H2         2     6                                            74.0801  8 6   0.0  0.000E+00
HC5NH+   +1  2     5  1                                         76.0756  8 6   0.0  0.000E+00
C7H+     +1  1     7                                            85.0823  8 6   0.0  0.000E+00
C7H          1     7                                            85.0828  8 6   0.0  0.000E+00
C7H-     -1  1     7                                            85.0833  8 6   0.0  0.000E+00
C8+      +1        8                                            96.0851  8 6   0.0  0.000E+00
C8                 8                                            96.0856  8 6   0.0  0.000E+00
C8-      -1        8                                            96.0861  8 6   0.0  0.000E+00
C7N+     +1        7  1                                         98.0811  8 6   0.0  0.000E+00
C7N                7  1                                         98.0816  8 6   0.0  0.000E+00
C2H7+    +1  7     2                                            31.0770  9 6   0.0  0.000E+00
Propn+   +1  6     3                                            42.0792  9 6   0.0  0.000E+00
Propn        6     3                                            42.0797  9 6   0.0  0.000E+00
C3H6+    +1  6     3                                            42.0792  9     0.0  0.000E+00
C3H6         6     3                                            42.0797  9     0.0  0.000E+00
C2H5OH+  +1  6     2     1                                      46.0679  9 6   0.0  0.000E+00
C2H5OH       6     2     1                                      46.0684  9 6   0.0  0.000E+00
CH3OCH3      6     2     1                                      46.0684  9 6   0.0  0.000E+00
DME+     +1  6     2     1                                      46.0679  9 6   0.0  0.000E+00
C4H5+    +1  5     4                                            53.0820  9 6   0.0  0.000E+00
C2H5CN       5     3  1                                         55.0785  9 6   0.0  0.000E+00
H5C2O2+  +1  5     2     2                                      61.0594  9 6   0.0  0.000E+00
C5H4+    +1  4     5                                            64.0848  9 6   0.0  0.000E+00
CH3C4H+  +1  4     5                                            64.0848  9 6   0.0  0.000E+00
CH3C4H       4     5                                            64.0853  9 6   0.0  0.000E+00
pMCA+    +1  4     4  1                                         66.0808  9 6   0.0  0.000E+00
C6H3+    +1  3     6                                            75.0875  9 6   0.0  0.000E+00
H3C5N+   +1  3     5  1                                         77.0835  9 6   0.0  0.000E+00
C7H2+    +1  2     7                                            86.0903  9 6   0.0  0.000E+00
C7H2         2     7                                            86.0908  9 6   0.0  0.000E+00
C8H+     +1  1     8                                            97.0930  9 6   0.0  0.000E+00
C8H          1     8                                            97.0935  9 6   0.0  0.000E+00
C8H-     -1  1     8                                            97.0940  9 6   0.0  0.000E+00
HC7N+    +1  1     7  1                                         99.0890  9 6   0.0  0.000E+00
HC7N         1     7  1                                         99.0895  9 6   0.0  0.000E+00
C9+      +1        9                                           108.096   9 6   0.0  0.000E+00
C9                 9                                           108.096   9 6   0.0  0.000E+00
C9-      -1        9                                           108.097   9 6   0.0  0.000E+00
C2H8+    +1  8     2                                            32.0841 10     0.0  0.000E+00
C3H7+    +1  7     3                                            43.0872 10 6   0.0  0.000E+00
pEtOH+   +1  7     2     1                                      47.0759 10 6   0.0  0.000E+00
pDME+    +1  7     2     1                                      47.0759 10 6   0.0  0.000E+00
13Butd       6     4                                            54.0902 10     0.0  0.000E+00
pEtCy+   +1  6     3  1                                         56.0859 10 6   0.0  0.000E+00
Actn+    +1  6     3     1                                      58.0786 10 6   0.0  0.000E+00
Actn         6     3     1                                      58.0791 10 6   0.0  0.000E+00
C5H5+    +1  5     5                                            65.0940 10 6   0.0  0.000E+00
C6H4+    +1  4     6                                            76.0955 10 6   0.0  0.000E+00
C7H3+    +1  3     7                                            87.0982 10 6   0.0  0.000E+00
MCDA         3     6  1                                         89.0947 10 6   0.0  0.000E+00
CH3C5N       3     6  1                                         89.0946 10     0.0  0.000E+00
C8H2+    +1  2     8                                            98.1010 10 6   0.0  0.000E+00
C8H2         2     8                                            98.1015 10 6   0.0  0.000E+00
H2C7N+   +1  2     7  1                                        100.097  10 6   0.0  0.000E+00
C9H+     +1  1     9                                           109.104  10 6   0.0  0.000E+00
C9H          1     9                                           109.104  10 6   0.0  0.000E+00
C9H-     -1  1     9                                           109.105  10 6   0.0  0.000E+00
C10+     +1       10                                           120.110  10 6   0.0  0.000E+00
C10               10                                           120.111  10 6   0.0  0.000E+00
C10-     -1       10                                           120.112  10 6   0.0  0.000E+00
C9N+     +1        9  1                                        122.103  10 6   0.0  0.000E+00
C9N                9  1                                        122.103  10 6   0.0  0.000E+00
C3H8+    +1  8     3                                            44.0951 11 6   0.0  0.000E+00
C4H7+    +1  7     4                                            55.0979 11 6   0.0  0.000E+00
pActn+   +1  7     3     1                                      59.0872 11 6   0.0  0.000E+00
C6H5+    +1  5     6                                            77.1034 11 6   0.0  0.000E+00
C7H4+    +1  4     7                                            88.1062 11 6   0.0  0.000E+00
CH3C6H       4     7                                            88.1067 11 6   0.0  0.000E+00
pMCDA+   +1  4     6  1                                         90.1022 11 6   0.0  0.000E+00
C8H3+    +1  3     8                                            99.1089 11 6   0.0  0.000E+00
H3C7N+   +1  3     7  1                                        101.105  11 6   0.0  0.000E+00
C11+     +1       11                                           132.1205 11 6   0.0  0.000E+00
C11               11                                           132.1210 11 6   0.0  0.000E+00
C9H2+    +1  2     9                                           110.112  11 6   0.0  0.000E+00
C9H2         2     9                                           110.112  11 6   0.0  0.000E+00
HC9N+    +1  1     9  1                                        123.110  11 6   0.0  0.000E+00
HC9N         1     9  1                                        123.111  11 6   0.0  0.000E+00
C10H+    +1  1    10                                           121.117  11 6   0.0  0.000E+00
C10H         1    10                                           121.118  11 6   0.0  0.000E+00
C10H-    -1  1    10                                           121.119  11 6   0.0  0.000E+00
C6H6+    +1  6     6                                            78.1113 12 6   0.0  0.000E+00
C6H6         6     6                                            78.1118 12 6   0.0  0.000E+00
C7H5+    +1  5     7                                            89.1141 12 6   0.0  0.000E+00
C8H4+    +1  4     8                                           100.117  12 6   0.0  0.000E+00
C9H3+    +1  3     9                                           111.120  12 6   0.0  0.000E+00
MCTA         3     8  1                                        113.116  12 6   0.0  0.000E+00
C10H2+   +1  2    10                                           122.125  12 6   0.0  0.000E+00
C10H2        2    10                                           122.126  12 6   0.0  0.000E+00
H2C9N+   +1  2     9  1                                        124.1184 12 6   0.0  0.000E+00
C6H7+    +1  7     6                                            79.1193 13 6   0.0  0.000E+00
C8H5+    +1  5     8                                           101.125  13 6   0.0  0.000E+00
C9H4+    +1  4     9                                           112.128  13 6   0.0  0.000E+00
pMCTA+   +1  4     8  1                                        114.124  13 6   0.0  0.000E+00
C10H3+   +1  3    10                                           123.133  13 6   0.0  0.000E+00
H3C9N+   +1  3     9  1                                        125.126  13 6   0.0  0.000E+00
C9H5+    +1  5     9                                           113.136  14 6   0.0  0.000E+00
M                                                                                            
