SolNeb01
Species +/-  H He  C  N  O  F  P  S Cl Na Mg Al Si  K Ca Ti Fe MolMass  n  f T3 [K] P3 [kPa] 
5009 326 325   0   0 6.00
e-       -1  0  0  0  0  0  0  0  0  0  0  0  0  0  0  0  0  0   0.0005  1 3   0.00 0.000E+00
H+        1  1  0  0  0  0  0  0  0  0  0  0  0  0  0  0  0  0   1.0074  1 3   0.00 0.000E+00
H         0  1  0  0  0  0  0  0  0  0  0  0  0  0  0  0  0  0   1.0079  1 3  13.84 7.040E+00
H-       -1  1  0  0  0  0  0  0  0  0  0  0  0  0  0  0  0  0   1.0084  1 3   0.00 0.000E+00
He+       1  0  1  0  0  0  0  0  0  0  0  0  0  0  0  0  0  0   4.0021  1 3   0.00 0.000E+00
He        0  0  1  0  0  0  0  0  0  0  0  0  0  0  0  0  0  0   4.0026  1 3   2.19 5.100E+00
C+        1  0  0  1  0  0  0  0  0  0  0  0  0  0  0  0  0  0  12.0102  1 3   0.00 0.000E+00
C         0  0  0  1  0  0  0  0  0  0  0  0  0  0  0  0  0  0  12.0107  1 3 476.50 1.013E+04
C(1D)     0  0  0  1  0  0  0  0  0  0  0  0  0  0  0  0  0  0  12.0107  1 3   0.00 0.000E+00
C(1S)     0  0  0  1  0  0  0  0  0  0  0  0  0  0  0  0  0  0  12.0107  1 3   0.00 0.000E+00
C-       -1  0  0  1  0  0  0  0  0  0  0  0  0  0  0  0  0  0  12.0112  1 3   0.00 0.000E+00
N+        1  0  0  0  1  0  0  0  0  0  0  0  0  0  0  0  0  0  14.0062  1 3   0.00 0.000E+00
N         0  0  0  0  1  0  0  0  0  0  0  0  0  0  0  0  0  0  14.0067  1 3  63.18 1.260E+01
O+        1  0  0  0  0  1  0  0  0  0  0  0  0  0  0  0  0  0  15.9989  1 3   0.00 0.000E+00
O         0  0  0  0  0  1  0  0  0  0  0  0  0  0  0  0  0  0  15.9994  1 3  54.36 1.520E-01
O(1D)     0  0  0  0  0  1  0  0  0  0  0  0  0  0  0  0  0  0  15.9994  1 3   0.00 0.000E+00
O(1S)     0  0  0  0  0  1  0  0  0  0  0  0  0  0  0  0  0  0  15.9994  1 3   0.00 0.000E+00
O-       -1  0  0  0  0  1  0  0  0  0  0  0  0  0  0  0  0  0  15.9999  1 3   0.00 0.000E+00
H2+       1  2  0  0  0  0  0  0  0  0  0  0  0  0  0  0  0  0   2.0154  2 5   0.00 0.000E+00
H2        0  2  0  0  0  0  0  0  0  0  0  0  0  0  0  0  0  0   2.0159  2 5  13.84 7,040E+00
HeH+      1  1  1  0  0  0  0  0  0  0  0  0  0  0  0  0  0  0   5.0100  2 5   0.00 0.000E+00
CH+       1  1  0  1  0  0  0  0  0  0  0  0  0  0  0  0  0  0  13.0181  2 5   0.00 0.000E+00
CH        0  1  0  1  0  0  0  0  0  0  0  0  0  0  0  0  0  0  13.0186  2 5   0.00 0.000E+00
CH-      -1  1  0  1  0  0  0  0  0  0  0  0  0  0  0  0  0  0  13.0191  2 5   0.00 0.000E+00
NH+       1  1  0  0  1  0  0  0  0  0  0  0  0  0  0  0  0  0  15.0141  2 5   0.00 0.000E+00
NH        0  1  0  0  1  0  0  0  0  0  0  0  0  0  0  0  0  0  15.0146  2 5   0.00 0.000E+00
OH+       1  1  0  0  0  1  0  0  0  0  0  0  0  0  0  0  0  0  17.0068  2 5   0.00 0.000E+00
OH        0  1  0  0  0  1  0  0  0  0  0  0  0  0  0  0  0  0  17.0074  2 5   0.00 0.000E+00
OH-      -1  1  0  0  0  1  0  0  0  0  0  0  0  0  0  0  0  0  17.0079  2 5   0.00 0.000E+00
C2+       1  0  0  2  0  0  0  0  0  0  0  0  0  0  0  0  0  0  24.0209  2 5   0.00 0.000E+00
C2        0  0  0  2  0  0  0  0  0  0  0  0  0  0  0  0  0  0  24.0214  2 5   0.00 0.000E+00
C2-      -1  0  0  2  0  0  0  0  0  0  0  0  0  0  0  0  0  0  24.0219  2 5   0.00 0.000E+00
CN+       1  0  0  1  1  0  0  0  0  0  0  0  0  0  0  0  0  0  26.0169  2 5   0.00 0.000E+00
CN        0  0  0  1  1  0  0  0  0  0  0  0  0  0  0  0  0  0  26.0174  2 5   0.00 0.000E+00
CN-      -1  0  0  1  1  0  0  0  0  0  0  0  0  0  0  0  0  0  26.0179  2 5   0.00 0.000E+00
N2+       1  0  0  0  2  0  0  0  0  0  0  0  0  0  0  0  0  0  28.0129  2 5   0.00 0.000E+00
N2        0  0  0  0  2  0  0  0  0  0  0  0  0  0  0  0  0  0  28.0134  2 5  63.18 1.260E+01
CO+       1  0  0  1  0  1  0  0  0  0  0  0  0  0  0  0  0  0  28.0096  2 5   0.00 0.000E+00
CO        0  0  0  1  0  1  0  0  0  0  0  0  0  0  0  0  0  0  28.0101  2 5  68.10 1.537E+01
CO(a3P)   0  0  0  1  0  1  0  0  0  0  0  0  0  0  0  0  0  0  28.0101  2 5   0.00 0.000E+00
NO+       1  0  0  0  1  1  0  0  0  0  0  0  0  0  0  0  0  0  30.0056  2 5   0.00 0.000E+00
NO        0  0  0  0  1  1  0  0  0  0  0  0  0  0  0  0  0  0  30.0061  2 5 109.50 2.192E+01
O2+       1  0  0  0  0  2  0  0  0  0  0  0  0  0  0  0  0  0  31.9983  2 5   0.00 0.000E+00
O2        0  0  0  0  0  2  0  0  0  0  0  0  0  0  0  0  0  0  31.9988  2 5  54.36 1.520E-01
O2-      -1  0  0  0  0  2  0  0  0  0  0  0  0  0  0  0  0  0  31.9993  2 5   0.00 0.000E+00
H3+       1  3  0  0  0  0  0  0  0  0  0  0  0  0  0  0  0  0   3.0234  3 6   0.00 0.000E+00
CH2+      1  2  0  1  0  0  0  0  0  0  0  0  0  0  0  0  0  0  14.0261  3 6   0.00 0.000E+00
CH2       0  2  0  1  0  0  0  0  0  0  0  0  0  0  0  0  0  0  14.0266  3 6   0.00 0.000E+00
NH2+      1  2  0  0  1  0  0  0  0  0  0  0  0  0  0  0  0  0  16.0221  3 6   0.00 0.000E+00
NH2       0  2  0  0  1  0  0  0  0  0  0  0  0  0  0  0  0  0  16.0226  3 6   0.00 0.000E+00
H2O+      1  2  0  0  0  1  0  0  0  0  0  0  0  0  0  0  0  0  18.0148  3 6   0.00 0.000E+00
H2O       0  2  0  0  0  1  0  0  0  0  0  0  0  0  0  0  0  0  18.0153  3 6 273.16 6.117E-01
C2H+      1  1  0  2  0  0  0  0  0  0  0  0  0  0  0  0  0  0  25.0288  3 6   0.00 0.000E+00
C2H       0  1  0  2  0  0  0  0  0  0  0  0  0  0  0  0  0  0  25.0293  3 6   0.00 0.000E+00
C2H-     -1  1  0  2  0  0  0  0  0  0  0  0  0  0  0  0  0  0  25.0298  3 6   0.00 0.000E+00
HCN       0  1  0  1  1  0  0  0  0  0  0  0  0  0  0  0  0  0  27.0253  3 5 259.86 0.000E+00
HCN+      1  1  0  1  1  0  0  0  0  0  0  0  0  0  0  0  0  0  27.0248  3 5   0.00 0.000E+00
HNC       0  1  0  1  1  0  0  0  0  0  0  0  0  0  0  0  0  0  27.0253  3 6   0.00 0.000E+00
HOC+      1  1  0  1  0  1  0  0  0  0  0  0  0  0  0  0  0  0  29.0175  3 6   0.00 0.000E+00
HCO+      1  1  0  1  0  1  0  0  0  0  0  0  0  0  0  0  0  0  29.0175  3 6   0.00 0.000E+00
HCO       0  1  0  1  0  1  0  0  0  0  0  0  0  0  0  0  0  0  29.0180  3 6   0.00 0.000E+00
CHO       0  1  0  1  0  1  0  0  0  0  0  0  0  0  0  0  0  0  29.0180  3 6   0.00 0.000E+00
N2H+      1  1  0  0  2  0  0  0  0  0  0  0  0  0  0  0  0  0  29.0208  3 6   0.00 0.000E+00
HNO+      1  1  0  0  1  1  0  0  0  0  0  0  0  0  0  0  0  0  31.0135  3 6   0.00 0.000E+00
HNO       0  1  0  0  1  1  0  0  0  0  0  0  0  0  0  0  0  0  31.0140  3 6   0.00 0.000E+00
O2H+      1  1  0  0  0  2  0  0  0  0  0  0  0  0  0  0  0  0  33.0062  3 6   0.00 0.000E+00
O2H       0  1  0  0  0  2  0  0  0  0  0  0  0  0  0  0  0  0  33.0067  3 6   0.00 0.000E+00
C3+       1  0  0  3  0  0  0  0  0  0  0  0  0  0  0  0  0  0  36.0316  3 6   0.00 0.000E+00
C3        0  0  0  3  0  0  0  0  0  0  0  0  0  0  0  0  0  0  36.0321  3 6   0.00 0.000E+00
C3-      -1  0  0  3  0  0  0  0  0  0  0  0  0  0  0  0  0  0  36.0326  3 6   0.00 0.000E+00
CNC+      1  0  0  2  1  0  0  0  0  0  0  0  0  0  0  0  0  0  38.0276  3 6   0.00 0.000E+00
C2N+      1  0  0  2  1  0  0  0  0  0  0  0  0  0  0  0  0  0  38.0276  3 6   0.00 0.000E+00
C2N       0  0  0  2  1  0  0  0  0  0  0  0  0  0  0  0  0  0  38.0281  3 6   0.00 0.000E+00
C2O+      1  0  0  2  0  1  0  0  0  0  0  0  0  0  0  0  0  0  40.0203  3 6   0.00 0.000E+00
C2O       0  0  0  2  0  1  0  0  0  0  0  0  0  0  0  0  0  0  40.0208  3 5   0.00 0.000E+00
OCN       0  0  0  1  1  1  0  0  0  0  0  0  0  0  0  0  0  0  42.0168  3 6   0.00 0.000E+00
OCN+      1  0  0  1  1  1  0  0  0  0  0  0  0  0  0  0  0  0  42.0163  3 6   0.00 0.000E+00
CNO       0  0  0  1  1  1  0  0  0  0  0  0  0  0  0  0  0  0  42.0168  3 6   0.00 0.000E+00
N2O       0  0  0  0  2  1  0  0  0  0  0  0  0  0  0  0  0  0  44.0128  3 5 182.34 8.785E+01
N2O+      1  0  0  0  2  1  0  0  0  0  0  0  0  0  0  0  0  0  44.0123  3 5   0.00 0.000E+00
CO2+      1  0  0  1  0  2  0  0  0  0  0  0  0  0  0  0  0  0  44.0090  3 5   0.00 0.000E+00
CO2       0  0  0  1  0  2  0  0  0  0  0  0  0  0  0  0  0  0  44.0095  3 5 216.55 5.17E+02
NO2       0  0  0  0  1  2  0  0  0  0  0  0  0  0  0  0  0  0  46.0055  3 6   0.00 0.000E+00
NO2+      1  0  0  0  1  2  0  0  0  0  0  0  0  0  0  0  0  0  46.0050  3 6   0.00 0.000E+00
CH3+      1  3  0  1  0  0  0  0  0  0  0  0  0  0  0  0  0  0  15.0340  4 6   0.00 0.000E+00
CH3       0  3  0  1  0  0  0  0  0  0  0  0  0  0  0  0  0  0  15.0345  4 6   0.00 0.000E+00
NH3+      1  3  0  0  1  0  0  0  0  0  0  0  0  0  0  0  0  0  17.0300  4 6   0.00 0.000E+00
NH3       0  3  0  0  1  0  0  0  0  0  0  0  0  0  0  0  0  0  17.0305  4 6 195.40 6.076E+00
H3O+      1  3  0  0  0  1  0  0  0  0  0  0  0  0  0  0  0  0  19.0227  4 6   0.00 0.000E+00
H3O+1W    1  5  0  0  0  2  0  0  0  0  0  0  0  0  0  0  0  0  37.0380  7 6   0.00 0.000E+00
C2H2+     1  2  0  2  0  0  0  0  0  0  0  0  0  0  0  0  0  0  26.0368  4 6   0.00 0.000E+00
C2H2      0  2  0  2  0  0  0  0  0  0  0  0  0  0  0  0  0  0  26.0373  4 6 192.40 1.200E+02
HCNH+     1  2  0  1  1  0  0  0  0  0  0  0  0  0  0  0  0  0  28.0328  4 6   0.00 0.000E+00
H2CN      0  2  0  1  1  0  0  0  0  0  0  0  0  0  0  0  0  0  28.0333  4 6   0.00 0.000E+00
H2NC+     1  2  0  1  1  0  0  0  0  0  0  0  0  0  0  0  0  0  28.0328  4 6   0.00 0.000E+00
H2CO+     1  2  0  1  0  1  0  0  0  0  0  0  0  0  0  0  0  0  30.0255  4 6   0.00 0.000E+00
H2CO      0  2  0  1  0  1  0  0  0  0  0  0  0  0  0  0  0  0  30.0260  4 6 155.10 0.000E+00
H2NO+     1  2  0  0  1  1  0  0  0  0  0  0  0  0  0  0  0  0  32.0215  4 6   0.00 0.000E+00
H2O2      0  2  0  0  0  2  0  0  0  0  0  0  0  0  0  0  0  0  34.0147  4 6   0.00 0.000E+00
C3H+      1  1  0  3  0  0  0  0  0  0  0  0  0  0  0  0  0  0  37.0395  4 6   0.00 0.000E+00
C3H       0  1  0  3  0  0  0  0  0  0  0  0  0  0  0  0  0  0  37.0400  4 5   0.00 0.000E+00
C3H-     -1  1  0  3  0  0  0  0  0  0  0  0  0  0  0  0  0  0  37.0405  4 6   0.00 0.000E+00
C2NH+     1  1  0  2  1  0  0  0  0  0  0  0  0  0  0  0  0  0  39.0355  4 6   0.00 0.000E+00
HC2O+     1  1  0  2  0  1  0  0  0  0  0  0  0  0  0  0  0  0  41.0282  4 6   0.00 0.000E+00
HCNO+     1  1  0  1  1  1  0  0  0  0  0  0  0  0  0  0  0  0  43.0242  4 6   0.00 0.000E+00
HCNO      0  1  0  1  1  1  0  0  0  0  0  0  0  0  0  0  0  0  43.0247  4 6   0.00 0.000E+00
HNCO+     1  1  0  1  1  1  0  0  0  0  0  0  0  0  0  0  0  0  43.0242  4 5   0.00 0.000E+00
HNCO      0  1  0  1  1  1  0  0  0  0  0  0  0  0  0  0  0  0  43.0247  4 5   0.00 0.000E+00
HOCN+     1  1  0  1  1  1  0  0  0  0  0  0  0  0  0  0  0  0  43.0242  4 5   0.00 0.000E+00
HOCN      0  1  0  1  1  1  0  0  0  0  0  0  0  0  0  0  0  0  43.0247  4 5   0.00 0.000E+00
HONC+     1  1  0  1  1  1  0  0  0  0  0  0  0  0  0  0  0  0  43.0242  4 6   0.00 0.000E+00
HONC      0  1  0  1  1  1  0  0  0  0  0  0  0  0  0  0  0  0  43.0247  4 6   0.00 0.000E+00
HCO2+     1  1  0  1  0  2  0  0  0  0  0  0  0  0  0  0  0  0  45.0169  4 6   0.00 0.000E+00
HN2O+     1  1  0  0  2  1  0  0  0  0  0  0  0  0  0  0  0  0  45.0202  4 6   0.00 0.000E+00
C4+       1  0  0  4  0  0  0  0  0  0  0  0  0  0  0  0  0  0  48.0423  4 6   0.00 0.000E+00
C4        0  0  0  4  0  0  0  0  0  0  0  0  0  0  0  0  0  0  48.0428  4 6   0.00 0.000E+00
C4-      -1  0  0  4  0  0  0  0  0  0  0  0  0  0  0  0  0  0  48.0433  4 6   0.00 0.000E+00
C3N+      1  0  0  3  1  0  0  0  0  0  0  0  0  0  0  0  0  0  50.0383  4 6   0.00 0.000E+00
C3N       0  0  0  3  1  0  0  0  0  0  0  0  0  0  0  0  0  0  50.0388  4 6   0.00 0.000E+00
C3N-     -1  0  0  3  1  0  0  0  0  0  0  0  0  0  0  0  0  0  50.0393  4 6   0.00 0.000E+00
C3O+      1  0  0  3  0  1  0  0  0  0  0  0  0  0  0  0  0  0  52.0310  4 6   0.00 0.000E+00
C3O       0  0  0  3  0  1  0  0  0  0  0  0  0  0  0  0  0  0  52.0315  4 6   0.00 0.000E+00
C2N2+     1  0  0  2  2  0  0  0  0  0  0  0  0  0  0  0  0  0  52.0343  4 6   0.00 0.000E+00
NCCN      0  0  0  2  2  0  0  0  0  0  0  0  0  0  0  0  0  0  52.0348  4 4 245.32 7.510E+01
CH4+      1  4  0  1  0  0  0  0  0  0  0  0  0  0  0  0  0  0  16.0420  5 6   0.00 0.000E+00
CH4       0  4  0  1  0  0  0  0  0  0  0  0  0  0  0  0  0  0  16.0425  5 6  90.68 1.170E+01
NH4+      1  4  0  0  1  0  0  0  0  0  0  0  0  0  0  0  0  0  18.0380  5 6   0.00 0.000E+00
C2H3+     1  3  0  2  0  0  0  0  0  0  0  0  0  0  0  0  0  0  27.0447  5 6   0.00 0.000E+00
C2H3      0  3  0  2  0  0  0  0  0  0  0  0  0  0  0  0  0  0  27.0452  5 6   0.00 0.000E+00
CH2NH     0  3  0  1  1  0  0  0  0  0  0  0  0  0  0  0  0  0  29.0412  5 6   0.00 0.000E+00
CH2OH+    1  3  0  1  0  1  0  0  0  0  0  0  0  0  0  0  0  0  31.0333  5 6   0.00 0.000E+00
C3H2+     1  2  0  3  0  0  0  0  0  0  0  0  0  0  0  0  0  0  38.0475  5 6   0.00 0.000E+00
C3H2      0  2  0  3  0  0  0  0  0  0  0  0  0  0  0  0  0  0  38.0480  5 6   0.00 0.000E+00
H2CCC     0  2  0  3  0  0  0  0  0  0  0  0  0  0  0  0  0  0  38.0480  5 6   0.00 0.000E+00
CH2CN+    1  2  0  2  1  0  0  0  0  0  0  0  0  0  0  0  0  0  40.0435  5 6   0.00 0.000E+00
CH2CN     0  2  0  2  1  0  0  0  0  0  0  0  0  0  0  0  0  0  40.0440  5 6   0.00 0.000E+00
CH2CO+    1  2  0  2  0  1  0  0  0  0  0  0  0  0  0  0  0  0  42.0362  5 6   0.00 0.000E+00
CH2CO     0  2  0  2  0  1  0  0  0  0  0  0  0  0  0  0  0  0  42.0367  5 6   0.00 0.000E+00
NH2CN     0  2  0  1  2  0  0  0  0  0  0  0  0  0  0  0  0  0  42.0400  5 5 318.71 0.000E+00
H2CNO+    1  2  0  1  1  1  0  0  0  0  0  0  0  0  0  0  0  0  44.0322  5 6   0.00 0.000E+00
H2NCO+    1  2  0  1  1  1  0  0  0  0  0  0  0  0  0  0  0  0  44.0322  5 6   0.00 0.000E+00
H2OCN+    1  2  0  1  1  1  0  0  0  0  0  0  0  0  0  0  0  0  44.0322  5 6   0.00 0.000E+00
HCNOH+    1  2  0  1  1  1  0  0  0  0  0  0  0  0  0  0  0  0  44.0322  5 6   0.00 0.000E+00
HNCOH+    1  2  0  1  1  1  0  0  0  0  0  0  0  0  0  0  0  0  44.0322  5 6   0.00 0.000E+00
HCOOH+    1  2  0  1  0  2  0  0  0  0  0  0  0  0  0  0  0  0  46.0249  5 6   0.00 0.000E+00
HCOOH     0  2  0  1  0  2  0  0  0  0  0  0  0  0  0  0  0  0  46.0254  5 6 281.40 2.200E+00
C4H+      1  1  0  4  0  0  0  0  0  0  0  0  0  0  0  0  0  0  49.0502  5 5   0.00 0.000E+00
C4H       0  1  0  4  0  0  0  0  0  0  0  0  0  0  0  0  0  0  49.0507  5 5   0.00 0.000E+00
C4H-     -1  1  0  4  0  0  0  0  0  0  0  0  0  0  0  0  0  0  49.0512  5 5   0.00 0.000E+00
HC3N+     1  1  0  3  1  0  0  0  0  0  0  0  0  0  0  0  0  0  51.0462  5 6   0.00 0.000E+00
HC3N      0  1  0  3  1  0  0  0  0  0  0  0  0  0  0  0  0  0  51.0467  5 6   0.00 0.000E+00
HNC3      0  1  0  3  1  0  0  0  0  0  0  0  0  0  0  0  0  0  51.0467  5 6   0.00 0.000E+00
HC3O+     1  1  0  3  0  1  0  0  0  0  0  0  0  0  0  0  0  0  53.0389  5 6   0.00 0.000E+00
NCCNH+    1  1  0  2  2  0  0  0  0  0  0  0  0  0  0  0  0  0  53.0422  5 6   0.00 0.000E+00
C5+       1  0  0  5  0  0  0  0  0  0  0  0  0  0  0  0  0  0  60.0530  5 6   0.00 0.000E+00
C5        0  0  0  5  0  0  0  0  0  0  0  0  0  0  0  0  0  0  60.0535  5 6   0.00 0.000E+00
C5-      -1  0  0  5  0  0  0  0  0  0  0  0  0  0  0  0  0  0  60.0540  5 6   0.00 0.000E+00
C4N+      1  0  0  4  1  0  0  0  0  0  0  0  0  0  0  0  0  0  62.0490  5 6   0.00 0.000E+00
C4N       0  0  0  4  1  0  0  0  0  0  0  0  0  0  0  0  0  0  62.0495  5 6   0.00 0.000E+00
CH5+      1  5  0  1  0  0  0  0  0  0  0  0  0  0  0  0  0  0  17.0499  6 6   0.00 0.000E+00
C2H4+     1  4  0  2  0  0  0  0  0  0  0  0  0  0  0  0  0  0  28.0527  6 6   0.00 0.000E+00
C2H4      0  4  0  2  0  0  0  0  0  0  0  0  0  0  0  0  0  0  28.0532  6 6 104.00 1.200E-01
CH2NH2+   1  4  0  1  1  0  0  0  0  0  0  0  0  0  0  0  0  0  30.0488  6 6   0.00 0.000E+00
CH4N+     1  4  0  1  1  0  0  0  0  0  0  0  0  0  0  0  0  0  30.0488  6 6   0.00 0.000E+00
CH3OH+    1  4  0  1  0  1  0  0  0  0  0  0  0  0  0  0  0  0  32.0414  6 6   0.00 0.000E+00
CH3OH     0  4  0  1  0  1  0  0  0  0  0  0  0  0  0  0  0  0  32.0419  6 6 150.00 4.300E-07
H2C3H+    1  3  0  3  0  0  0  0  0  0  0  0  0  0  0  0  0  0  39.0554  6 6   0.00 0.000E+00
C3H3+     1  3  0  3  0  0  0  0  0  0  0  0  0  0  0  0  0  0  39.0554  6 6   0.00 0.000E+00
C3H3      0  3  0  3  0  0  0  0  0  0  0  0  0  0  0  0  0  0  39.0559  6 6   0.00 0.000E+00
CH2CCH+   1  3  0  3  0  0  0  0  0  0  0  0  0  0  0  0  0  0  39.0554  6 6   0.00 0.000E+00
CH2CCH    0  3  0  3  0  0  0  0  0  0  0  0  0  0  0  0  0  0  39.0559  6 6   0.00 0.000E+00
CH3CN+    1  3  0  2  1  0  0  0  0  0  0  0  0  0  0  0  0  0  41.0514  6 6   0.00 0.000E+00
CH3CN     0  3  0  2  1  0  0  0  0  0  0  0  0  0  0  0  0  0  41.0519  6 6 229.32 0.000E+00
CH3CO+    1  3  0  2  0  1  0  0  0  0  0  0  0  0  0  0  0  0  43.0451  6 6   0.00 0.000E+00
NH2CNH+   1  3  0  1  2  0  0  0  0  0  0  0  0  0  0  0  0  0  43.0474  6 6   0.00 0.000E+00
CH3O2+    1  3  0  1  0  2  0  0  0  0  0  0  0  0  0  0  0  0  47.0328  6 6   0.00 0.000E+00
HCOOH2+   1  3  0  1  0  2  0  0  0  0  0  0  0  0  0  0  0  0  47.0328  6 6   0.00 0.000E+00
HC4H+     1  2  0  4  0  0  0  0  0  0  0  0  0  0  0  0  0  0  50.0582  6 6   0.00 0.000E+00
HC4H      0  2  0  4  0  0  0  0  0  0  0  0  0  0  0  0  0  0  50.0587  6 6   0.00 0.000E+00
HC3NH+    1  2  0  3  1  0  0  0  0  0  0  0  0  0  0  0  0  0  52.0542  6 6   0.00 0.000E+00
C3H2O+    1  2  0  3  0  1  0  0  0  0  0  0  0  0  0  0  0  0  54.0469  6 6   0.00 0.000E+00
C5H+      1  1  0  5  0  0  0  0  0  0  0  0  0  0  0  0  0  0  61.0609  6 4   0.00 0.000E+00
C5H       0  1  0  5  0  0  0  0  0  0  0  0  0  0  0  0  0  0  61.0614  6 4   0.00 0.000E+00
C5H-     -1  1  0  5  0  0  0  0  0  0  0  0  0  0  0  0  0  0  61.0619  6 4   0.00 0.000E+00
HC4N+     1  1  0  4  1  0  0  0  0  0  0  0  0  0  0  0  0  0  63.0569  6 6   0.00 0.000E+00
C6+       1  0  0  6  0  0  0  0  0  0  0  0  0  0  0  0  0  0  72.0637  6 6   0.00 0.000E+00
C6        0  0  0  6  0  0  0  0  0  0  0  0  0  0  0  0  0  0  72.0642  6 6   0.00 0.000E+00
C6-      -1  0  0  6  0  0  0  0  0  0  0  0  0  0  0  0  0  0  72.0647  6 6   0.00 0.000E+00
C5N+      1  0  0  5  1  0  0  0  0  0  0  0  0  0  0  0  0  0  74.0597  6 6   0.00 0.000E+00
C5N       0  0  0  5  1  0  0  0  0  0  0  0  0  0  0  0  0  0  74.0602  6 6   0.00 0.000E+00
C5N-     -1  0  0  5  1  0  0  0  0  0  0  0  0  0  0  0  0  0  74.0607  6 6   0.00 0.000E+00
C2H5+     1  5  0  2  0  0  0  0  0  0  0  0  0  0  0  0  0  0  29.0606  7 6   0.00 0.000E+00
C2H5      0  5  0  2  0  0  0  0  0  0  0  0  0  0  0  0  0  0  29.0611  7 6   0.00 0.000E+00
CH3NH2    0  5  0  1  1  0  0  0  0  0  0  0  0  0  0  0  0  0  31.0571  7 6 179.70 0.000E+00
CH3OH2+   1  5  0  1  0  1  0  0  0  0  0  0  0  0  0  0  0  0  33.0493  7 6   0.00 0.000E+00
C3H4+     1  4  0  3  0  0  0  0  0  0  0  0  0  0  0  0  0  0  40.0641  7 6   0.00 0.000E+00
C3H4      0  4  0  3  0  0  0  0  0  0  0  0  0  0  0  0  0  0  40.0646  7 6 136.59 0.000E+00
CH2CCH2   0  4  0  3  0  0  0  0  0  0  0  0  0  0  0  0  0  0  40.0639  7 6 168.50 0.000E+00
CH3CCH    0  4  0  3  0  0  0  0  0  0  0  0  0  0  0  0  0  0  40.0639  7 6   0.00 0.000E+00
CH3CNH+   1  4  0  2  1  0  0  0  0  0  0  0  0  0  0  0  0  0  42.0594  7 6   0.00 0.000E+00
CH3CHO+   1  4  0  2  0  1  0  0  0  0  0  0  0  0  0  0  0  0  44.0521  7 6   0.00 0.000E+00
CH3CHO    0  4  0  2  0  1  0  0  0  0  0  0  0  0  0  0  0  0  44.0526  7 6 160.65 0.000E+00
C4H3+     1  3  0  4  0  0  0  0  0  0  0  0  0  0  0  0  0  0  51.0661  7 6   0.00 0.000E+00
C4H3      0  3  0  4  0  0  0  0  0  0  0  0  0  0  0  0  0  0  51.0666  7 6   0.00 0.000E+00
AcNit+    1  3  0  3  1  0  0  0  0  0  0  0  0  0  0  0  0  0  53.0621  7 6   0.00 0.000E+00
AcNit     0  3  0  3  1  0  0  0  0  0  0  0  0  0  0  0  0  0  53.0626  7 6 189.63 0.000E+00
H3C3O+    1  3  0  3  0  1  0  0  0  0  0  0  0  0  0  0  0  0  55.0548  7 6   0.00 0.000E+00
C5H2+     1  2  0  5  0  0  0  0  0  0  0  0  0  0  0  0  0  0  62.0689  7 6   0.00 0.000E+00
C5H2      0  2  0  5  0  0  0  0  0  0  0  0  0  0  0  0  0  0  62.0694  7 6   0.00 0.000E+00
H2C4N+    1  2  0  4  1  0  0  0  0  0  0  0  0  0  0  0  0  0  64.0649  7 6   0.00 0.000E+00
C6H+      1  1  0  6  0  0  0  0  0  0  0  0  0  0  0  0  0  0  73.0716  7 6   0.00 0.000E+00
C6H       0  1  0  6  0  0  0  0  0  0  0  0  0  0  0  0  0  0  73.0721  7 6   0.00 0.000E+00
C6H-     -1  1  0  6  0  0  0  0  0  0  0  0  0  0  0  0  0  0  73.0726  7 6   0.00 0.000E+00
HC5N+     1  1  0  5  1  0  0  0  0  0  0  0  0  0  0  0  0  0  75.0676  7 6   0.00 0.000E+00
HC5N      0  1  0  5  1  0  0  0  0  0  0  0  0  0  0  0  0  0  75.0681  7 6   0.00 0.000E+00
C7+       1  0  0  7  0  0  0  0  0  0  0  0  0  0  0  0  0  0  84.0744  7 6   0.00 0.000E+00
C7        0  0  0  7  0  0  0  0  0  0  0  0  0  0  0  0  0  0  84.0749  7 6   0.00 0.000E+00
C7-      -1  0  0  7  0  0  0  0  0  0  0  0  0  0  0  0  0  0  84.0754  7 6   0.00 0.000E+00
CH3CH3+   1  6  0  2  0  0  0  0  0  0  0  0  0  0  0  0  0  0  30.0685  8 6   0.00 0.000E+00
C2H6+     1  6  0  2  0  0  0  0  0  0  0  0  0  0  0  0  0  0  30.0685  8 6   0.00 0.000E+00
CH3CH3    0  6  0  2  0  0  0  0  0  0  0  0  0  0  0  0  0  0  30.0690  8 6  89.89 8.000E-04
C2H6      0  6  0  2  0  0  0  0  0  0  0  0  0  0  0  0  0  0  30.0690  8 6  91.00 1.100E-03
C3H5+     1  5  0  3  0  0  0  0  0  0  0  0  0  0  0  0  0  0  41.0713  8 6   0.00 0.000E+00
pAAld+    1  5  0  2  0  1  0  0  0  0  0  0  0  0  0  0  0  0  45.0600  8 6   0.00 0.000E+00
C4H4+     1  4  0  4  0  0  0  0  0  0  0  0  0  0  0  0  0  0  52.0741  8 6   0.00 0.000E+00
Butenyn   0  4  0  4  0  0  0  0  0  0  0  0  0  0  0  0  0  0  52.0746  8 6   0.00 0.000E+00
pAcNit+   1  4  0  3  1  0  0  0  0  0  0  0  0  0  0  0  0  0  54.0701  8 6   0.00 0.000E+00
COOCH4+   1  4  0  2  0  2  0  0  0  0  0  0  0  0  0  0  0  0  60.0515  8 6   0.00 0.000E+00
HCOOCH3   0  4  0  2  0  2  0  0  0  0  0  0  0  0  0  0  0  0  60.0520  8 6 289.80 0.000E+00
C5H3+     1  3  0  5  0  0  0  0  0  0  0  0  0  0  0  0  0  0  63.0768  8 6   0.00 0.000E+00
CH3C3N+   1  3  0  4  1  0  0  0  0  0  0  0  0  0  0  0  0  0  65.0728  8 6   0.00 0.000E+00
CH3C3N    0  3  0  4  1  0  0  0  0  0  0  0  0  0  0  0  0  0  65.0733  8 6   0.00 0.000E+00
MC+       1  3  0  3  2  0  0  0  0  0  0  0  0  0  0  0  0  0  67.0688  8 6   0.00 0.000E+00
C6H2+     1  2  0  6  0  0  0  0  0  0  0  0  0  0  0  0  0  0  74.0796  8 6   0.00 0.000E+00
C6H2      0  2  0  6  0  0  0  0  0  0  0  0  0  0  0  0  0  0  74.0801  8 6   0.00 0.000E+00
HC5NH+    1  2  0  5  1  0  0  0  0  0  0  0  0  0  0  0  0  0  76.0756  8 6   0.00 0.000E+00
C7H+      1  1  0  7  0  0  0  0  0  0  0  0  0  0  0  0  0  0  85.0823  8 6   0.00 0.000E+00
C7H       0  1  0  7  0  0  0  0  0  0  0  0  0  0  0  0  0  0  85.0828  8 6   0.00 0.000E+00
C7H-     -1  1  0  7  0  0  0  0  0  0  0  0  0  0  0  0  0  0  85.0833  8 6   0.00 0.000E+00
C8+       1  0  0  8  0  0  0  0  0  0  0  0  0  0  0  0  0  0  96.0851  8 6   0.00 0.000E+00
C8        0  0  0  8  0  0  0  0  0  0  0  0  0  0  0  0  0  0  96.0856  8 6   0.00 0.000E+00
C8-      -1  0  0  8  0  0  0  0  0  0  0  0  0  0  0  0  0  0  96.0861  8 6   0.00 0.000E+00
C7N+      1  0  0  7  1  0  0  0  0  0  0  0  0  0  0  0  0  0  98.0811  8 6   0.00 0.000E+00
C7N       0  0  0  7  1  0  0  0  0  0  0  0  0  0  0  0  0  0  98.0816  8 6   0.00 0.000E+00
C2H7+     1  7  0  2  0  0  0  0  0  0  0  0  0  0  0  0  0  0  31.0770  9 6   0.00 0.000E+00
Propn+    1  6  0  3  0  0  0  0  0  0  0  0  0  0  0  0  0  0  42.0792  9 6   0.00 0.000E+00
Propn     0  6  0  3  0  0  0  0  0  0  0  0  0  0  0  0  0  0  42.0797  9 6  87.80 9.500E+02
C2H5OH+   1  6  0  2  0  1  0  0  0  0  0  0  0  0  0  0  0  0  46.0679  9 6   0.00 0.000E+00
C2H5OH    0  6  0  2  0  1  0  0  0  0  0  0  0  0  0  0  0  0  46.0684  9 6 150.00 0.000E+00
DME       0  6  0  2  0  1  0  0  0  0  0  0  0  0  0  0  0  0  46.0684  9 6 131.60 0.000E+00
DME+      1  6  0  2  0  1  0  0  0  0  0  0  0  0  0  0  0  0  46.0679  9 6   0.00 0.000E+00
C4H5+     1  5  0  4  0  0  0  0  0  0  0  0  0  0  0  0  0  0  53.0820  9 6   0.00 0.000E+00
C2H5CN    0  5  0  3  1  0  0  0  0  0  0  0  0  0  0  0  0  0  55.0785  9 6 180.37 0.000E+00
H5C2O2+   1  5  0  2  0  2  0  0  0  0  0  0  0  0  0  0  0  0  61.0594  9 6   0.00 0.000E+00
CH3C4H+   1  4  0  5  0  0  0  0  0  0  0  0  0  0  0  0  0  0  64.0848  9 6   0.00 0.000E+00
CH3C4H    0  4  0  5  0  0  0  0  0  0  0  0  0  0  0  0  0  0  64.0853  9 6   0.00 0.000E+00
pMCA+     1  4  0  4  1  0  0  0  0  0  0  0  0  0  0  0  0  0  66.0808  9 6   0.00 0.000E+00
C6H3+     1  3  0  6  0  0  0  0  0  0  0  0  0  0  0  0  0  0  75.0875  9 6   0.00 0.000E+00
H3C5N+    1  3  0  5  1  0  0  0  0  0  0  0  0  0  0  0  0  0  77.0835  9 6   0.00 0.000E+00
C7H2+     1  2  0  7  0  0  0  0  0  0  0  0  0  0  0  0  0  0  86.0903  9 6   0.00 0.000E+00
C7H2      0  2  0  7  0  0  0  0  0  0  0  0  0  0  0  0  0  0  86.0908  9 6   0.00 0.000E+00
C8H+      1  1  0  8  0  0  0  0  0  0  0  0  0  0  0  0  0  0  97.0930  9 6   0.00 0.000E+00
C8H       0  1  0  8  0  0  0  0  0  0  0  0  0  0  0  0  0  0  97.0935  9 6   0.00 0.000E+00
C8H-     -1  1  0  8  0  0  0  0  0  0  0  0  0  0  0  0  0  0  97.0940  9 6   0.00 0.000E+00
HC7N+     1  1  0  7  1  0  0  0  0  0  0  0  0  0  0  0  0  0  99.0890  9 6   0.00 0.000E+00
HC7N      0  1  0  7  1  0  0  0  0  0  0  0  0  0  0  0  0  0  99.0895  9 6   0.00 0.000E+00
C9+       1  0  0  9  0  0  0  0  0  0  0  0  0  0  0  0  0  0 108.0960  9 6   0.00 0.000E+00
C9        0  0  0  9  0  0  0  0  0  0  0  0  0  0  0  0  0  0 108.0960  9 6   0.00 0.000E+00
C9-      -1  0  0  9  0  0  0  0  0  0  0  0  0  0  0  0  0  0 108.0970  9 6   0.00 0.000E+00
C3H7+     1  7  0  3  0  0  0  0  0  0  0  0  0  0  0  0  0  0  43.0872 10 6   0.00 0.000E+00
pEtOH+    1  7  0  2  0  1  0  0  0  0  0  0  0  0  0  0  0  0  47.0759 10 6   0.00 0.000E+00
pDME+     1  7  0  2  0  1  0  0  0  0  0  0  0  0  0  0  0  0  47.0759 10 6   0.00 0.000E+00
13Butd    0  6  0  4  0  0  0  0  0  0  0  0  0  0  0  0  0  0  54.0902 10 4 240.80 0.000E+00
pEtCy+    1  6  0  3  1  0  0  0  0  0  0  0  0  0  0  0  0  0  56.0859 10 6   0.00 0.000E+00
Actn+     1  6  0  3  0  1  0  0  0  0  0  0  0  0  0  0  0  0  58.0786 10 6   0.00 0.000E+00
Actn      0  6  0  3  0  1  0  0  0  0  0  0  0  0  0  0  0  0  58.0791 10 6 178.50 0.000E+00
C5H5+     1  5  0  5  0  0  0  0  0  0  0  0  0  0  0  0  0  0  65.0940 10 6   0.00 0.000E+00
C6H4+     1  4  0  6  0  0  0  0  0  0  0  0  0  0  0  0  0  0  76.0955 10 6   0.00 0.000E+00
C7H3+     1  3  0  7  0  0  0  0  0  0  0  0  0  0  0  0  0  0  87.0982 10 6   0.00 0.000E+00
MCDA      0  3  0  6  1  0  0  0  0  0  0  0  0  0  0  0  0  0  89.0947 10 6   0.00 0.000E+00
C8H2+     1  2  0  8  0  0  0  0  0  0  0  0  0  0  0  0  0  0  98.1010 10 6   0.00 0.000E+00
C8H2      0  2  0  8  0  0  0  0  0  0  0  0  0  0  0  0  0  0  98.1015 10 6   0.00 0.000E+00
H2C7N+    1  2  0  7  1  0  0  0  0  0  0  0  0  0  0  0  0  0 100.0970 10 6   0.00 0.000E+00
C9H+      1  1  0  9  0  0  0  0  0  0  0  0  0  0  0  0  0  0 109.1040 10 6   0.00 0.000E+00
C9H       0  1  0  9  0  0  0  0  0  0  0  0  0  0  0  0  0  0 109.1040 10 6   0.00 0.000E+00
C9H-     -1  1  0  9  0  0  0  0  0  0  0  0  0  0  0  0  0  0 109.1050 10 6   0.00 0.000E+00
C10+      1  0  0 10  0  0  0  0  0  0  0  0  0  0  0  0  0  0 120.1100 10 6   0.00 0.000E+00
C10       0  0  0 10  0  0  0  0  0  0  0  0  0  0  0  0  0  0 120.1110 10 6   0.00 0.000E+00
C10-     -1  0  0 10  0  0  0  0  0  0  0  0  0  0  0  0  0  0 120.1120 10 6   0.00 0.000E+00
C9N+      1  0  0  9  1  0  0  0  0  0  0  0  0  0  0  0  0  0 122.1030 10 6   0.00 0.000E+00
C9N       0  0  0  9  1  0  0  0  0  0  0  0  0  0  0  0  0  0 122.1030 10 6   0.00 0.000E+00
C3H8+     1  8  0  3  0  0  0  0  0  0  0  0  0  0  0  0  0  0  44.0951 11 6   0.00 0.000E+00
C4H7+     1  7  0  4  0  0  0  0  0  0  0  0  0  0  0  0  0  0  55.0979 11 6   0.00 0.000E+00
pActn+    1  7  0  3  0  1  0  0  0  0  0  0  0  0  0  0  0  0  59.0872 11 6   0.00 0.000E+00
C6H5+     1  5  0  6  0  0  0  0  0  0  0  0  0  0  0  0  0  0  77.1034 11 6   0.00 0.000E+00
C7H4+     1  4  0  7  0  0  0  0  0  0  0  0  0  0  0  0  0  0  88.1062 11 6   0.00 0.000E+00
CH3C6H    0  4  0  7  0  0  0  0  0  0  0  0  0  0  0  0  0  0  88.1067 11 6   0.00 0.000E+00
pMCDA+    1  4  0  6  1  0  0  0  0  0  0  0  0  0  0  0  0  0  90.1022 11 6   0.00 0.000E+00
C8H3+     1  3  0  8  0  0  0  0  0  0  0  0  0  0  0  0  0  0  99.1089 11 6   0.00 0.000E+00
H3C7N+    1  3  0  7  1  0  0  0  0  0  0  0  0  0  0  0  0  0 101.1050 11 6   0.00 0.000E+00
C9H2+     1  2  0  9  0  0  0  0  0  0  0  0  0  0  0  0  0  0 110.1120 11 6   0.00 0.000E+00
C9H2      0  2  0  9  0  0  0  0  0  0  0  0  0  0  0  0  0  0 110.1120 11 6   0.00 0.000E+00
C10H+     1  1  0 10  0  0  0  0  0  0  0  0  0  0  0  0  0  0 121.1170 11 6   0.00 0.000E+00
C10H      0  1  0 10  0  0  0  0  0  0  0  0  0  0  0  0  0  0 121.1180 11 6   0.00 0.000E+00
C10H-    -1  1  0 10  0  0  0  0  0  0  0  0  0  0  0  0  0  0 121.1190 11 6   0.00 0.000E+00
HC9N+     1  1  0  9  1  0  0  0  0  0  0  0  0  0  0  0  0  0 123.1100 11 6   0.00 0.000E+00
HC9N      0  1  0  9  1  0  0  0  0  0  0  0  0  0  0  0  0  0 123.1110 11 6   0.00 0.000E+00
C11+      1  0  0 11  0  0  0  0  0  0  0  0  0  0  0  0  0  0 132.1205 11 6   0.00 0.000E+00
C11       0  0  0 11  0  0  0  0  0  0  0  0  0  0  0  0  0  0 132.1210 11 6   0.00 0.000E+00
C6H6+     1  6  0  6  0  0  0  0  0  0  0  0  0  0  0  0  0  0  78.1113 12 6   0.00 0.000E+00
C6H6      0  6  0  6  0  0  0  0  0  0  0  0  0  0  0  0  0  0  78.1118 12 6 278.50 0.000E+00
C7H5+     1  5  0  7  0  0  0  0  0  0  0  0  0  0  0  0  0  0  89.1141 12 6   0.00 0.000E+00
C8H4+     1  4  0  8  0  0  0  0  0  0  0  0  0  0  0  0  0  0 100.1170 12 6   0.00 0.000E+00
C9H3+     1  3  0  9  0  0  0  0  0  0  0  0  0  0  0  0  0  0 111.1200 12 6   0.00 0.000E+00
MCTA      0  3  0  8  1  0  0  0  0  0  0  0  0  0  0  0  0  0 113.1160 12 6   0.00 0.000E+00
C10H2+    1  2  0 10  0  0  0  0  0  0  0  0  0  0  0  0  0  0 122.1250 12 6   0.00 0.000E+00
C10H2     0  2  0 10  0  0  0  0  0  0  0  0  0  0  0  0  0  0 122.1260 12 6   0.00 0.000E+00
H2C9N+    1  2  0  9  1  0  0  0  0  0  0  0  0  0  0  0  0  0 124.1184 12 6   0.00 0.000E+00
C6H7+     1  7  0  6  0  0  0  0  0  0  0  0  0  0  0  0  0  0  79.1193 13 6   0.00 0.000E+00
C8H5+     1  5  0  8  0  0  0  0  0  0  0  0  0  0  0  0  0  0 101.1250 13 6   0.00 0.000E+00
C9H4+     1  4  0  9  0  0  0  0  0  0  0  0  0  0  0  0  0  0 112.1280 13 6   0.00 0.000E+00
pMCTA+    1  4  0  8  1  0  0  0  0  0  0  0  0  0  0  0  0  0 114.1240 13 6   0.00 0.000E+00
C10H3+    1  3  0 10  0  0  0  0  0  0  0  0  0  0  0  0  0  0 123.1330 13 6   0.00 0.000E+00
H3C9N+    1  3  0  9  1  0  0  0  0  0  0  0  0  0  0  0  0  0 125.1260 13 6   0.00 0.000E+00
C9H5+     1  5  0  9  0  0  0  0  0  0  0  0  0  0  0  0  0  0 113.1360 14 6   0.00 0.000E+00
M                                                                                            
